      0.00000      12.7529      4438.38     -23.1042     -114.158
      1.00000      17.3260      3573.80      133.510      5.88814
      2.00000      13.0263      4431.76     -3.09348     -138.430
      3.00000      19.8884      3798.31     -111.489      99.3135
      4.00000      16.8838      3963.05      34.8613     -93.6229
      5.00000      18.4253      3758.81     -124.945      139.893
      6.00000      17.9680      3757.73      3.50790     -126.905
      7.00000      19.4433      3427.67      24.5414     -70.5009
      8.00000      19.6689      3458.58      42.9812      4.74721
      9.00000      16.7789      3804.31     -115.610      93.9166
      10.0000      19.2937      3243.84     -94.6156      41.9044
      11.0000      15.0773      4073.76      2.02937      130.181
      12.0000      16.8724      3974.87     -44.0264      87.9248
      13.0000      19.8158      3695.62      138.627     -73.3853
      14.0000      17.7796      4167.78     -76.9866      80.4076
      15.0000      18.9649      3711.78      40.6583     -82.0025
      16.0000      19.5059      3500.71      47.8838      24.7980
      17.0000      15.0652      4407.35      39.3217      69.6880
      18.0000      19.5951      3794.86      91.4585      42.6199
      19.0000      16.1664      3958.60      7.60121      124.347
      20.0000      18.3871      3510.02     -130.601      57.8610
      21.0000      19.5131      3401.72      75.2395      32.9691
      22.0000      15.3758      4434.90      108.744      102.743
      23.0000      17.0560      3650.88      67.3037     -53.7676
      24.0000      19.5987      3658.87      99.7138      127.334
      25.0000      17.1416      3797.87      55.3296     -23.0978
      26.0000      19.5992      3543.48     -14.8033      129.195
      27.0000      12.4640      4257.65      84.9356      59.1867
      28.0000      18.6815      3564.64      94.6045      48.8451
      29.0000      17.7432      3489.11     -95.0932     -34.8173
      30.0000      19.5211      3591.18      35.2103      95.8622
      31.0000      19.3480      3544.48      34.4928     -33.3936
      32.0000      18.1453      3492.43      84.0829     -37.2645
      33.0000      18.8307      3724.11     -58.1856      84.7818
      34.0000      15.8980      4206.51      52.9239     -41.1537
      35.0000      15.5450      4173.15     -110.877      89.9605
      36.0000      15.5543      4445.81     -54.1406     -44.6786
      37.0000      17.3391      4084.30     -64.2620     -95.0595
      38.0000      19.8501      3231.44     -78.7657      34.2201
      39.0000      19.4279      3868.70     -106.819     -118.540
      40.0000      19.8622      3539.46     -82.0233      9.71928
      41.0000      18.6903      3706.31      16.8664      88.3586
      42.0000      18.4009      3932.08      80.3602      137.779
      43.0000      13.5935      4308.86     -133.032      98.8058
      44.0000      16.6932      3679.33      109.960      13.5804
      45.0000      15.2088      4231.48      44.6827      122.717
      46.0000      17.8525      3846.72     -126.413      123.512
      47.0000      14.3823      4420.07      122.886     -7.84398
      48.0000      17.1101      3663.67      119.082      139.675
      49.0000      18.7661      3921.80      72.2413      127.766
      50.0000      18.0421      3948.33     -138.405     -25.8056
      51.0000      14.2801      4523.68      30.2737     -78.9793
      52.0000      19.2770      3044.69     -36.8185     -18.9715
      53.0000      16.5796      3711.69      58.1561     -33.1235
      54.0000      16.9544      3775.80     -30.0255     -132.841
      55.0000      15.3543      3976.57     -67.4151     -34.0534
      56.0000      19.5287      3294.76     -111.900    0.0920410
      57.0000      16.7253      3922.45     -127.220     -138.115
      58.0000      19.1200      3354.07     -16.7020      72.5998
      59.0000      18.9466      3598.51     -64.1740     -78.6229
      60.0000      17.2252      4068.45      78.8801      93.1742
      61.0000      19.8378      3637.72     -135.503      139.348
      62.0000      19.4279      3868.70     -64.9880      26.3864
      63.0000      18.8477      3572.88     -57.3885      47.1424
      64.0000      15.3763      4358.63      116.643      38.5543
      65.0000      17.2047      3626.29      136.361      73.6482
      66.0000      19.1017      3680.13      17.7451     -92.2951
      67.0000      16.1152      3557.07     -40.9738     -138.485
      68.0000      19.0996      3241.30      83.7288      8.95270
      69.0000      13.7078      4564.15      6.06035      15.4107
      70.0000      19.3189      3497.38     -8.74315      41.2952
      71.0000      17.8085      4111.33      74.2036     -64.8240
      72.0000      14.2619      4300.48     -10.8185      57.3535
      73.0000      16.5928      3814.71      112.800     -56.5847
      74.0000      18.5128      3738.38      27.5144     -59.4034
      75.0000      17.3010      3616.80     -44.4337     -89.4887
      76.0000      17.1135      3533.13     -112.473      95.5776
      77.0000      19.4457      3536.87     -57.7718      89.1448
      78.0000      13.6680      4785.17      119.546     -103.895
      79.0000      17.6124      3795.78      42.9375     -117.204
      80.0000      15.0017      4305.39     -99.8658      18.2899
      81.0000      18.7747      3283.24     -128.071      108.301
      82.0000      17.2900      3927.46      20.0077      67.2674
      83.0000      19.0004      3329.79     -19.6810     -118.505
      84.0000      16.5015      3860.52      125.653      29.1115
      85.0000      14.8695      3884.25      117.971      140.276
      86.0000      11.4885      4642.34     -77.4749      74.6005
      87.0000      16.1947      3988.35      117.741     -92.5956
      88.0000      14.2647      4167.03     -33.3169     -11.7988
      89.0000      12.3160      4215.94      24.1758     -10.5057
      90.0000      15.6520      4188.19      25.2104     -87.9034
      91.0000      14.1156      4350.38     -43.7271      95.6160
      92.0000      18.6390      3570.15      51.0232      99.9814
      93.0000      16.1441      4106.97     -66.1255     -132.401
      94.0000      15.1931      4145.24     -19.2914      137.721
      95.0000      17.9447      3549.78     -123.766      116.592
      96.0000      19.8418      3366.39     -18.2934     -120.465
      97.0000      15.3612      4195.89     -33.4864     -50.6975
      98.0000      17.1793      4037.82     -11.7570      27.6456
      99.0000      19.1573      3569.71     -3.19058      93.2396
      100.000      19.8593      3243.30     -113.926     -62.3204
      101.000      18.1615      3671.81     -34.4152      26.5791
      102.000      17.0081      3915.15      138.460      2.48108
      103.000      19.0596      3604.63      39.1032     -129.724
      104.000      14.3624      4342.15      106.694      112.007
      105.000      15.1302      4128.37      23.6741     -21.5727
      106.000      19.3982      3489.38      50.1778     -66.3873
      107.000      18.9816      3388.07     -84.8146      83.4172
      108.000      17.6933      3790.16      77.5754     -118.721
      109.000      13.2053      4361.59     -89.1256     -131.598
      110.000      19.6490      3194.43     -56.6524     -15.2461
      111.000      19.6490      3194.43      77.1495     -30.1611
      112.000      18.3167      3386.56      20.6202      5.95497
      113.000      19.1996      3311.68     -51.3996     -102.695
      114.000      18.2217      3854.91      66.3403      51.7651
      115.000      17.8475      3566.78      16.8442      107.532
      116.000      19.5109      3283.56      74.6990      17.1006
      117.000      16.8278      4063.76      66.0977      90.1092
      118.000      15.7663      3654.12     -14.4394     -123.912
      119.000      19.0189      3307.12     -111.395     -39.4010
      120.000      13.6166      4217.30     -34.7614      127.495
      121.000      16.1152      3557.07     -57.6460      60.9509
      122.000      14.7700      4472.57      62.2528     -32.6676
      123.000      16.7847      3587.23     -131.935      22.2293
      124.000      19.3855      3347.33     -117.965     -49.1619
      125.000      19.3419      3389.44      56.7374      136.769
      126.000      16.3665      3967.75      107.813      45.1866
      127.000      19.4438      3633.61     -1.24701     -23.6743
      128.000      18.0974      3700.95      97.9662      127.284
      129.000      16.4252      4050.12      3.79123      12.0278
      130.000      16.0592      3696.25      29.0753      62.9729
      131.000      14.4580      4021.69     -50.8664      85.2186
      132.000      18.2589      3405.47     -126.390     -86.4904
      133.000      15.7455      4150.47     -7.62787     -98.9501
      134.000      17.2084      3634.22     -119.171     -24.8178
      135.000      18.9741      3527.66      45.9217      52.7809
      136.000      13.7116      4037.73     -70.4443      2.77470
      137.000      15.1015      4164.34     -49.5407     -30.5473
      138.000      19.0031      3426.31      58.3005     -37.0055
      139.000      18.7382      3696.57      120.546     -40.5180
      140.000      16.3236      3835.02     -109.073     -86.2602
      141.000      15.1015      4164.34      111.794     -84.9926
      142.000      17.7565      4145.67     -49.3857     -128.433
      143.000      19.3603      3399.15      93.6379      14.8287
      144.000      19.4178      3666.34     -41.8294     -113.515
      145.000      19.0057      3475.36      68.4317     -104.821
      146.000      12.7640      4674.90      33.5181      47.6747
      147.000      19.9518      3376.10      80.3568     -12.9974
      148.000      17.9387      3790.03      3.72748      139.906
      149.000      19.6218      3658.26     -68.1039      91.2586
      150.000      19.2102      3265.88      45.6133     -54.5133
      151.000      16.8170      4340.52     -20.9122      113.223
      152.000      18.2043      3188.22     -100.989     -135.224
      153.000      16.8494      4421.06      9.03203     -33.9347
      154.000      12.8856      4364.31     -93.3322      74.6064
      155.000      16.3991      4146.79     -78.5820     -55.7922
      156.000      19.7258      3423.16     -19.6846      59.9876
      157.000      18.5097      3665.36      140.596     -6.96074
      158.000      16.2647      3917.48     -77.9797     -13.1626
      159.000      19.0117      3671.18      79.8832      61.9544
      160.000      18.1031      3653.78     -56.7474     -50.9035
      161.000      16.9315      3795.98     -63.0779     -116.008
      162.000      16.3872      3838.33     -42.6921      6.88506
      163.000      18.5387      3500.18      134.749     -74.2428
      164.000      16.0584      3898.21     -85.0807     -35.6169
      165.000      19.3328      3337.35     -77.6137      69.3688
      166.000      15.9555      3822.69      104.448      77.7482
      167.000      15.7002      3753.35     -43.8905      12.3751
      168.000      16.7548      3730.61      27.8517      27.2469
      169.000      12.8067      4622.85     -108.355      9.81236
      170.000      15.0052      4408.74     -71.2433     -98.5739
      171.000      18.6903      3706.31      102.049     -26.7515
      172.000      19.6455      3555.38     -32.5429      126.541
      173.000      17.3804      3962.59     -51.3567      90.0744
      174.000      19.8149      3876.64      32.4955      91.6689
      175.000      14.1100      4176.81     -54.5632     -79.4589
      176.000      19.6666      3286.10      95.3471      139.664
      177.000      16.9972      4057.21     -30.8448     -92.4841
      178.000      18.8940      3356.27     -114.098     -18.7005
      179.000      19.2780      3265.88      136.163     -70.0925
      180.000      18.7215      3785.79      83.3434     -43.2078
      181.000      18.5347      3500.04     -124.503     -96.5196
      182.000      15.4070      4165.31     -21.9100     -126.852
      183.000      19.3889      3795.96     -100.322      4.71805
      184.000      18.5864      3696.43     -128.072     -36.4656
      185.000      17.8153      3808.99     -73.5889      31.5543
      186.000      19.6507      3140.71     -7.08632      45.4322
      187.000      19.7455      3235.79     -100.507      54.5204
      188.000      19.2863      3770.87     -42.3632     -94.4211
      189.000      17.8727      3665.61      140.524     -134.959
      190.000      17.2397      3547.88      87.0773      27.5834
      191.000      18.5347      3914.23      106.288     -70.3184
      192.000      19.9861      3118.79      12.0847     -66.5658
      193.000      18.3647      3446.53     -132.772      1.21709
      194.000      19.4625      3218.28      81.7323      75.5340
      195.000      12.2441      4664.42     -133.134      37.8264
      196.000      19.5211      3591.18      30.3235      90.4113
      197.000      17.4334      3931.14     -51.3240     0.871140
      198.000      19.6849      3653.92     -135.506     -94.7846
      199.000      19.9649      3595.42     -84.3438     -129.006
      200.000      18.5864      3696.43     0.824905     -81.6852
      201.000      18.0670      3759.08     -73.9195     -65.7897
      202.000      19.3042      3182.44     -43.3381     -46.4966
      203.000      19.7881      3275.81      36.0786     -95.8791
      204.000      19.9848      3278.70     -54.9189      87.2487
      205.000      16.3075      4395.77      60.7463     -81.8770
      206.000      17.5856      3544.57     -45.9271     -26.5023
      207.000      12.7640      4674.90     -97.3006      60.5588
      208.000      18.4198      3902.48      5.11285      20.0529
      209.000      19.9007      3374.03      130.340      3.74184
      210.000      19.6037      3383.09      138.346      65.9903
      211.000      18.7833      3534.89      105.896     -107.767
      212.000      19.2064      3487.81     -48.1940     -118.923
      213.000      17.5733      3745.35      76.8876      26.0494
      214.000      18.6852      3849.16      71.4075      112.846
      215.000      14.5274      4350.66      94.7880      140.952
      216.000      18.8916      3736.50      52.0621     -28.3468
      217.000      17.0933      3967.16      124.341      71.1540
      218.000      19.9518      3376.10     -58.6212      120.740
      219.000      14.2619      4300.48      81.8477     -49.0494
      220.000      19.0598      3365.25     -39.0662     -37.8850
      221.000      19.6026      3478.40     -87.1052     -95.9142
      222.000      18.5725      3475.13     -37.1541      77.8723
      223.000      17.7486      3768.42      24.5531      11.5204
      224.000      15.6873      4043.25     -123.402      14.5914
      225.000      16.4614      3759.11      34.7505      135.845
      226.000      19.8856      3505.52     -123.880      118.815
      227.000      16.1152      3557.07      22.4758     -54.2135
      228.000      18.7968      4009.63     -82.3515     -55.1545
      229.000      19.5110      3535.40     -85.9388      9.67644
      230.000      19.9485      3832.42      50.7974     -60.9983
      231.000      19.9518      3376.10      4.88136     -8.92873
      232.000      19.3889      3795.96     -105.803     -96.4313
      233.000      17.8260      4059.19    -0.655960      101.024
      234.000      18.2186      3332.69      89.1219     -67.3007
      235.000      19.1014      3308.55     -79.4826     -55.5649
      236.000      16.3461      4045.13     -37.0559     -74.8317
      237.000      19.3133      3590.45     -11.1882      27.3362
      238.000      16.9788      3986.46      33.8937      113.184
      239.000      10.2378      4905.36      5.04451     -138.017
      240.000      17.0016      3809.72      85.8253      110.924
      241.000      17.6040      3852.14      109.436      18.7271
      242.000      16.5764      3909.51      81.3309      135.074
      243.000      17.1538      3615.87     -131.528      136.021
      244.000      16.2572      3670.14      31.2678     -4.39787
      245.000      18.9379      3420.73      22.0048     -8.61551
      246.000      17.4282      4077.30     -107.312     -43.5716
      247.000      15.7892      4038.22     -128.841     -36.2752
      248.000      19.9882      3592.60     -108.338      104.603
      249.000      17.8119      4138.30      27.5178      89.1553
      250.000      13.8612      4309.90     -9.56673      37.7892
      251.000      19.1409      3554.11      134.917     -83.9340
      252.000      18.5267      3674.71      90.5668     -87.6664
      253.000      18.8314      3794.36      34.9807      31.3992
      254.000      18.0715      3773.20     -22.3498      127.432
      255.000      17.4571      3809.93      73.6123     -50.3708
      256.000      18.5960      3743.80      39.2808     -112.154
      257.000      18.7329      3716.54     -9.99852     -97.2435
      258.000      19.5193      3550.03      27.8542      99.8678
      259.000      18.2102      3580.14      106.469      91.3108
      260.000      18.7155      3691.39      51.7235      134.153
      261.000      19.5769      3808.77     -57.2231     -69.4311
      262.000      17.5350      3827.33      65.0583     -43.4840
      263.000      14.4295      4471.79     -69.4407      64.8518
      264.000      18.4050      3553.96     -57.2498     -11.9134
      265.000      15.0017      4305.39     -126.379      92.4877
      266.000      14.1080      4187.32      136.457     -40.1984
      267.000      19.9804      3946.41     -48.0091      8.25287
      268.000      19.2232      3692.72      98.2154      48.9802
      269.000      17.4223      3677.95      137.784      115.051
      270.000      18.0116      3826.33      136.084     -134.804
      271.000      16.3930      3836.37      91.8209     -30.2080
      272.000      18.3809      3694.08     -38.4390      84.7578
      273.000      16.8494      4421.06      140.674     -21.3986
      274.000      19.5792      3703.09     -136.204     -80.5649
      275.000      18.5791      3599.24      46.0224     -65.6766
      276.000      18.7166      3369.19      23.2698     -72.2463
      277.000      17.8119      4138.30     -101.248      74.2444
      278.000      19.7673      3480.31     -91.5611      66.8237
      279.000      18.1794      3431.04      6.93558      74.9072
      280.000      19.7029      3547.67      73.6797     -44.2234
      281.000      13.5881      4540.00      20.3156     -123.937
      282.000      17.1686      4162.93     -135.401      69.0784
      283.000      16.6458      3923.05     -49.8664      15.2822
      284.000      18.2977      3413.86    -0.459244     -66.9754
      285.000      15.8866      4431.37      124.318      133.178
      286.000      19.5257      3793.32     -13.9000     -33.8843
      287.000      18.6958      3538.32      74.1403      15.2859
      288.000      18.5771      4327.23     -107.859      139.556
      289.000      16.6866      3964.14      85.8058      109.755
      290.000      19.0004      3329.79      36.1688     -8.27762
      291.000      19.2185      3334.38     -26.3910      116.793
      292.000      11.6813      4514.57     -29.1060     -134.506
      293.000      18.2043      3188.22     -62.9793      98.5406
      294.000      14.2619      4300.48      22.1964     -8.32848
      295.000      19.5875      3475.25     -65.5083     -130.990
      296.000      18.7666      4265.26     -17.3344      105.708
      297.000      12.1503      4650.18     -62.0777     -121.594
      298.000      13.2550      4114.21      120.467      95.9178
      299.000      17.8606      3818.84     -87.5316     -36.5897
      300.000      17.5737      3790.58      54.9579     -62.7943
      301.000      19.0132      3607.51      41.5957      118.385
      302.000      18.9816      3388.07     -16.7982     -54.6174
      303.000      17.1552      3625.93     -19.2854      121.146
      304.000      13.9319      4352.21     -116.880      82.9579
      305.000      18.2104      3718.47      9.33218      59.9116
      306.000      14.1412      4158.79     -53.2404     -129.384
      307.000      19.6207      3708.21     -104.693     -76.8577
      308.000      17.2188      3910.26      84.1983     -54.4991
      309.000      18.7329      3716.54     -13.2420      9.39168
      310.000      19.1678      3568.83     -126.723      7.65723
      311.000      17.5790      3777.81     -44.9430     -32.7810
      312.000      19.9705      3391.08      65.6619     -35.6270
      313.000      18.0393      3381.05      7.17235     -45.8819
      314.000      17.3955      3646.30     -38.7168     -77.6461
      315.000      16.7974      4053.15      15.1024      90.6346
      316.000      19.0691      3732.58      50.3221      128.525
      317.000      19.8195      3908.37      78.5166      125.137
      318.000      18.0999      3810.04     -14.9733      87.2064
      319.000      18.1638      3576.91      12.8064     -47.9850
      320.000      13.6817      4646.15     -88.3262     -70.9975
      321.000      16.2277      4094.06      138.184     -54.9153
      322.000      11.6868      4898.38      73.7149      87.7157
      323.000      19.6432      3324.66     -127.577      22.8143
      324.000      19.3470      3447.79      113.706     -134.530
      325.000      19.7253      3325.32     -81.4435     -132.853
      326.000      16.7209      3859.78     -98.0062     -74.1591
      327.000      15.3728      4111.83      85.0489      121.719
      328.000      16.8494      4421.06     -35.6569     -79.7623
      329.000      18.9327      4235.09      98.0498      100.335
      330.000      19.1633      3472.75      13.7883      105.552
      331.000      12.2872      4739.19     -81.4771      27.9518
      332.000      17.5478      3903.67      93.2310      76.4919
      333.000      14.6513      4082.41      1.49699      137.660
      334.000      19.7716      3500.02      140.293      76.9418
      335.000      15.5108      4502.55      66.1573     -116.106
      336.000      16.1467      4094.48      66.1255     -97.4101
      337.000      18.8517      3716.06      103.789      58.1708
      338.000      19.8251      3380.18     -42.3441     -71.7909
      339.000      13.6957      4153.48     -24.7975      85.4293
      340.000      19.9649      3595.42      61.3853      134.221
      341.000      17.4257      4089.78     -78.3443     -82.5251
      342.000      18.6413      3686.57     -85.2971      61.1466
      343.000      17.1348      3781.21      9.36742      43.6298
      344.000      11.5133      4510.57      131.982     -75.8998
      345.000      18.7331      3625.18     -24.9713      130.937
      346.000      13.9869      4201.42     -27.3395      64.8163
      347.000      15.1454      3778.31      58.5548      26.3414
      348.000      12.3697      4961.46     -118.327     -56.7727
      349.000      19.8008      3565.06      32.9575      134.596
      350.000      17.7413      3917.17     -44.6369     -99.0747
      351.000      19.4766      3670.06     -37.3029     -108.633
      352.000      19.9717      3568.40      13.9236      105.543
      353.000      15.5492      4304.78     -69.0928      134.157
      354.000      19.4528      3447.92      115.235     -36.7588
      355.000      19.6742      3342.56     -101.402     -121.212
      356.000      18.3160      3788.05     -68.6832     -7.22934
      357.000      13.8020      4385.73     -18.5018      79.1157
      358.000      13.8337      4563.13      40.5551      85.2457
      359.000      17.0874      3756.58     -126.270      120.545
      360.000      18.0571      3678.16      18.0867     -79.0148
      361.000      19.4959      3642.66      12.6081     -80.2905
      362.000      19.6049      3503.07      75.9185     -74.2879
      363.000      18.9619      3533.87      63.2842      104.014
      364.000      17.4843      3823.21     -82.7253      133.785
      365.000      16.6198      4182.24      2.49811      6.35043
      366.000      18.6400      3656.64      74.1681     -136.592
      367.000      18.8221      3864.73      40.4838     -86.6627
      368.000      19.8740      3127.88      60.9635      59.2873
      369.000      14.4589      4328.33      53.7559      104.952
      370.000      14.2237      4153.51      120.010      102.055
      371.000      18.3809      3694.08     -27.0271     -69.2099
      372.000      19.4586      3348.86     -64.0069      128.837
      373.000      16.2118      4051.92      45.3776      101.917
      374.000      16.5209      3734.42     -113.837     -100.860
      375.000      17.4048      3822.00      116.561      103.738
      376.000      16.2321      3725.39     -126.139      69.5099
      377.000      19.0523      4103.58     -39.9841     -97.8247
      378.000      15.6416      4104.29      18.7648      2.72636
      379.000      17.5737      3790.58      112.365      16.1073
      380.000      19.6798      3576.07      22.3298      12.2880
      381.000      18.2425      3105.74     -84.3350     -123.004
      382.000      15.8690      4180.96      80.5546      51.6115
      383.000      19.8658      3449.34     -25.0657     -85.8199
      384.000      17.7442      3638.99     -123.525      110.815
      385.000      13.3116      4404.87     -26.8368      39.6778
      386.000      18.4236      3708.25     -134.975      11.4685
      387.000      17.2061      3642.18      109.409      51.4896
      388.000      19.3799      3540.13     -24.3000     -73.5663
      389.000      18.3365      3688.79      86.9759     -57.9982
      390.000      12.7832      4539.46      50.3677     -82.4184
      391.000      19.0699      3381.27      95.2445     -119.803
      392.000      16.0186      3692.22     -102.726     -38.0465
      393.000      19.7767      3980.60      91.6516     -106.679
      394.000      12.4997      4677.88      39.3900     -19.1456
      395.000      14.6669      4167.28     -108.485      140.525
      396.000      18.6261      3723.75     -89.8925     -120.511
      397.000      18.7348      3814.45     -48.1449      53.5932
      398.000      15.5967      4186.48     -106.985      44.5924
      399.000      12.7273      4523.78     -86.9113      22.8449
      400.000      19.3536      4131.08      6.02411      44.9038
      401.000      17.7030      3654.87      11.2963      139.341
      402.000      18.6769      3360.63     -85.6432      139.455
      403.000      19.0087      3692.37      99.2831      82.4343
      404.000      18.0383      3624.17      117.470      56.4216
      405.000      17.2238      3992.20     -28.5625      10.0550
      406.000      19.0873      3368.16     -21.3996      85.7899
      407.000      15.4552      4031.04     -3.45476      130.447
      408.000      18.1246      3689.20      90.8406     -118.227
      409.000      19.4554      3584.41      44.1222      14.0853
      410.000      12.2135      4541.03     -36.3615      75.0457
      411.000      19.1792      3599.56      51.2973      134.882
      412.000      17.7378      4054.66      79.9856      13.5033
      413.000      19.0147      3149.88      130.229     -16.0903
      414.000      19.3352      3000.79      114.043     -29.2691
      415.000      17.4822      4148.67      109.117     -106.978
      416.000      15.0593      4029.76     -26.5169     -23.5868
      417.000      15.0593      4029.76      74.4034     -20.8430
      418.000      14.3830      4078.83      108.857     -3.83046
      419.000      19.7290      3476.36     -127.146      30.8247
      420.000      19.2226      3428.18      109.446      7.26358
      421.000      19.2929      3770.76      82.1212      34.0343
      422.000      19.6689      3458.58      97.8146     -44.4006
      423.000      19.0816      3545.19     -137.901     -127.259
      424.000      17.5314      3746.54      118.579     -41.8616
      425.000      18.1245      3686.47      17.3455      82.7366
      426.000      15.6337      3933.65      73.0527     -34.3732
      427.000      19.8874      3530.44     -7.56581     -108.086
      428.000      16.6736      3852.58      60.9447     -30.8905
      429.000      14.7855      4122.98     -80.5484     -75.6306
      430.000      17.6313      3191.32     -119.106     -86.1212
      431.000      14.7764      4322.55      133.771      93.1579
      432.000      17.9534      3805.53      111.943      1.84599
      433.000      15.3763      4358.63    -0.741791      88.4830
      434.000      17.5882      4116.86      129.555     -130.123
      435.000      19.9325      3569.25     -39.5230      137.822
      436.000      17.9006      3878.15     -106.511     -134.937
      437.000      19.7190      3356.37     -39.4082     -122.166
      438.000      13.7626      4223.83     -49.4446      108.525
      439.000      17.7643      3625.14     -138.090     -28.8854
      440.000      19.6631      3470.78      55.2104      83.2836
      441.000      17.0126      3808.27      47.4130      51.1750
      442.000      19.8418      3366.39      78.6125     -23.3879
      443.000      19.3194      3436.98      82.7859     -11.5897
      444.000      17.2714      3806.93      39.3341     -43.0648
      445.000      15.4743      4222.62      12.2683     -74.0266
      446.000      16.0444      4424.60      109.613      114.197
      447.000      15.4552      4031.04      49.0413     -62.7882
      448.000      19.2102      3265.88      87.1084     -133.180
      449.000      12.3157      4373.65     -130.544      39.3657
      450.000      19.0627      3657.61      45.1787      128.758
      451.000      19.5330      3780.13      102.588     -108.689
      452.000      18.4177      3685.98     -4.27133      97.2997
      453.000      17.2627      3972.83      42.4498     -16.7664
      454.000      17.0039      3360.77     -121.006     -49.9540
      455.000      16.4863      3454.38      66.6745      99.3225
      456.000      19.9444      3589.91      91.8639      60.4216
      457.000      16.3837      4136.20      69.3136      95.1395
      458.000      18.8430      3548.35      132.042      11.0421
      459.000      15.7986      4070.43      101.590      133.967
      460.000      15.1703      4374.11     -107.541     -106.163
      461.000      16.9096      3965.37      28.1213      137.628
      462.000      14.2619      4300.48      76.2942     -12.7121
      463.000      13.6998      4402.44      107.999     -70.8266
      464.000      14.2077      4636.31     0.522781     -96.3835
      465.000      18.5911      3773.77     -101.210     -40.6503
      466.000      18.8791      3521.96     -5.39726     -46.8377
      467.000      16.9288      3672.42      112.502      83.4756
      468.000      17.4048      3822.00      58.6570      108.863
      469.000      15.1302      4128.37      129.754      105.123
      470.000      12.2135      4541.03      104.172      42.7147
      471.000      18.0010      3642.58      93.8992     -31.7724
      472.000      16.4614      3759.11      112.845     -136.259
      473.000      19.6666      3286.10     -58.8074     -22.1132
      474.000      19.9139      3207.29     -48.2465     -5.06964
      475.000      19.1746      3556.45      4.33565     -97.9844
      476.000      17.5856      3544.57      72.7278      25.6261
      477.000      19.4483      3239.05     -86.2353     -28.7108
      478.000      19.4272      3190.20      55.0836     -21.9662
      479.000      18.6800      3676.92      122.548      38.9385
      480.000      18.3968      4154.10     -102.014      59.4390
      481.000      16.9629      3769.89      115.922     -50.5409
      482.000      18.0999      3810.04      102.897     -79.3205
      483.000      19.9802      3561.77    -0.346375      107.572
      484.000      17.1460      3605.67     -62.3223     -129.800
      485.000      19.3300      3407.18     -99.4636     -43.9525
      486.000      17.0014      3579.16     -124.118      27.3950
      487.000      19.2548      3548.72      58.1021      31.5021
      488.000      18.4244      3641.82     -77.6180     -128.206
      489.000      19.9270      3564.71      128.807      99.1807
      490.000      17.8020      3743.58      18.5146      90.0084
      491.000      19.0823      4034.23     -72.6694     -117.377
      492.000      12.0113      4374.08      107.887     -67.2425
      493.000      19.3422      3539.49     -40.9732     -78.2862
      494.000      15.8679      4125.90     -85.5191      2.53746
      495.000      16.9629      3869.94     -1.60558     -88.0332
      496.000      15.8083      4116.67      59.3584      105.169
      497.000      19.5599      3527.84     -12.2624     -131.051
      498.000      18.2283      3674.39      27.9091      136.479
      499.000      17.7030      3654.87      30.4942     -15.8948
