0	12.7529	4438.38     -23.1042     -114.158
1	17.3260	3573.80     -47.7662	97.6068
2	13.0263	4431.76     -50.2908	128.470
3	19.8884	3798.31	55.5780     -35.9664
4	16.8838	3963.05	138.621     -61.4572
5	18.4253	3758.81	133.510	5.88814
6	17.9680	3757.73     -65.2205     -74.7861
7	19.4433	3427.67	57.6468	80.0237
8	19.6689	3458.58	76.1902	22.9414
9	16.7789	3804.31     -99.2838	4.59988
10	19.2937	3243.84     -3.09348     -138.430
11	15.0773	4073.76     -79.9874     -60.6275
12	16.8724	3974.87     -81.6225	137.359
13	19.8158	3695.62	12.5337	20.6272
14	17.7796	4167.78	47.7849	43.2250
15	18.9649	3711.78     -111.489	99.3135
16	19.5059	3500.71     -25.6192     -34.5022
17	15.0652	4407.35	132.351	135.989
18	19.5951	3794.86	110.592     -69.5660
19	16.1664	3958.60     -109.225	51.2890
20	18.3871	3510.02	34.8613     -93.6229
21	19.5131	3401.72     -133.747	67.1125
22	15.3758	4434.90     -88.5609     -71.4295
23	17.0560	3650.88     -27.4839	104.131
24	19.5987	3658.87     -85.3594	114.744
25	17.1416	3797.87     -124.945	139.893
26	19.5992	3543.48     -76.0422     -33.1061
27	12.4640	4257.65	114.939     -87.4152
28	18.6815	3564.64	139.537     -13.0510
29	17.7432	3489.11	89.5829	19.1013
30	19.5211	3591.18	3.50790     -126.905
31	19.3480	3544.48     -109.112     -106.219
32	18.1453	3492.43	37.2243     -3.63730
33	18.8307	3724.11	108.959	82.1873
34	15.8980	4206.51     -54.0679	79.2058
35	15.5450	4173.15	24.5414     -70.5009
36	15.5543	4445.81	19.3553	56.2464
37	17.3391	4084.30	5.77296	13.6545
38	19.8501	3231.44     -19.6892     -13.2661
39	19.4279	3868.70	18.1705	139.743
40	19.8622	3539.46	42.9812	4.74721
41	18.6903	3706.31	11.1685     -61.5591
42	18.4009	3932.08     -112.601	139.730
43	13.5935	4308.86	70.2466     -85.4913
44	16.6932	3679.33	20.5152     -81.0427
45	15.2088	4231.48     -115.610	93.9166
46	17.8525	3846.72	7.37492	140.205
47	14.3823	4420.07	122.838	69.9669
48	17.1101	3663.67	34.0620	104.796
49	18.7661	3921.80     -95.4574     -96.5140
50	18.0421	3948.33     -94.6156	41.9044
51	14.2801	4523.68	27.4887     -1.77045
52	19.2770	3044.69	56.4628     -4.93576
53	16.5796	3711.69	12.9211     -128.627
54	16.9544	3775.80	112.309	99.2922
55	15.3543	3976.57	2.02937	130.181
56	19.5287	3294.76	16.5405	93.9238
57	16.7253	3922.45	140.989	132.874
58	19.1200	3354.07     -109.318	131.861
59	18.9466	3598.51	90.1630	129.058
60	17.2252	4068.45     -44.0264	87.9248
61	19.8378	3637.72     -34.1550     -128.180
62	19.4279	3868.70     -116.022     -77.9046
63	18.8477	3572.88	122.446	74.1021
64	15.3763	4358.63	13.6978	106.283
65	17.2047	3626.29	138.627     -73.3853
66	19.1017	3680.13	14.9153     -78.3972
67	16.1152	3557.07     -32.5250     -19.9556
68	19.0996	3241.30     -64.0589     -94.9726
69	13.7078	4564.15     -4.93687     -118.184
70	19.3189	3497.38     -76.9866	80.4076
71	17.8085	4111.33     -2.49939	3.18787
72	14.2619	4300.48     -19.4955     -89.7123
73	16.5928	3814.71     -106.567	35.7308
74	18.5128	3738.38     -90.9944	97.6857
75	17.3010	3616.80	40.6583     -82.0025
76	17.1135	3533.13	82.8871	79.9012
77	19.4457	3536.87	76.9981	33.0113
78	13.6680	4785.17	44.1223	119.660
79	17.6124	3795.78     -85.9245     -84.2112
80	15.0017	4305.39	47.8838	24.7980
81	18.7747	3283.24     -58.9666     -76.7756
82	17.2900	3927.46	5.83952	102.701
83	19.0004	3329.79     -137.448	6.18755
84	16.5015	3860.52     -14.2226	136.726
85	14.8695	3884.25	39.3217	69.6880
86	11.4885	4642.34	4.60939	49.3363
87	16.1947	3988.35	20.0737	36.1195
88	14.2647	4167.03	22.7672	59.5915
89	12.3160	4215.94	60.7606     -68.6307
90	15.6520	4188.19	91.4585	42.6199
91	14.1156	4350.38     -137.005	58.7670
92	18.6390	3570.15     -37.9675	70.7487
93	16.1441	4106.97     -131.280	132.427
94	15.1931	4145.24	67.8278	45.8116
95	17.9447	3549.78	7.60121	124.347
96	19.8418	3366.39     -19.1793     -44.2693
97	15.3612	4195.89	83.9471     -10.9932
98	17.1793	4037.82	59.8942    -0.210999
99	19.1573	3569.71     -124.843     -107.193
