3.300000e+02 2.485480e-01 -1.437227e-03
3.305000e+02 2.499962e-01 -1.429316e-03
3.310000e+02 2.514478e-01 -1.421676e-03
3.315000e+02 2.529025e-01 -1.414304e-03
3.320000e+02 2.543598e-01 -1.407196e-03
3.325000e+02 2.558195e-01 -1.400348e-03
3.330000e+02 2.572823e-01 -1.393758e-03
3.335000e+02 2.587500e-01 -1.387421e-03
3.340000e+02 2.602246e-01 -1.381335e-03
3.345000e+02 2.617082e-01 -1.375496e-03
3.350000e+02 2.632027e-01 -1.369900e-03
3.355000e+02 2.647102e-01 -1.364545e-03
3.360000e+02 2.662327e-01 -1.359427e-03
3.365000e+02 2.677722e-01 -1.354542e-03
3.370000e+02 2.693306e-01 -1.349888e-03
3.375000e+02 2.709100e-01 -1.345460e-03
3.380000e+02 2.725125e-01 -1.341255e-03
3.385000e+02 2.741399e-01 -1.337270e-03
3.390000e+02 2.757944e-01 -1.333501e-03
3.395000e+02 2.774778e-01 -1.329946e-03
3.400000e+02 2.791923e-01 -1.326600e-03
3.405000e+02 2.809398e-01 -1.323461e-03
3.410000e+02 2.827224e-01 -1.320524e-03
3.415000e+02 2.845420e-01 -1.317787e-03
3.420000e+02 2.864006e-01 -1.315246e-03
3.425000e+02 2.883003e-01 -1.312898e-03
3.430000e+02 2.902440e-01 -1.310739e-03
3.435000e+02 2.922356e-01 -1.308766e-03
3.440000e+02 2.942791e-01 -1.306975e-03
3.445000e+02 2.963785e-01 -1.305364e-03
3.450000e+02 2.985380e-01 -1.303928e-03
3.455000e+02 3.007614e-01 -1.302664e-03
3.460000e+02 3.030529e-01 -1.301569e-03
3.465000e+02 3.054165e-01 -1.300640e-03
3.470000e+02 3.078561e-01 -1.299873e-03
3.475000e+02 3.103759e-01 -1.299264e-03
3.480000e+02 3.129799e-01 -1.298811e-03
3.485000e+02 3.156720e-01 -1.298509e-03
3.490000e+02 3.184564e-01 -1.298357e-03
3.495000e+02 3.213369e-01 -1.298349e-03
3.500000e+02 3.243178e-01 -1.298483e-03
3.505000e+02 3.274030e-01 -1.298755e-03
3.510000e+02 3.305964e-01 -1.299162e-03
3.515000e+02 3.339023e-01 -1.299700e-03
3.520000e+02 3.373245e-01 -1.300367e-03
3.525000e+02 3.408670e-01 -1.301158e-03
3.530000e+02 3.445276e-01 -1.302071e-03
3.535000e+02 3.482966e-01 -1.303101e-03
3.540000e+02 3.521634e-01 -1.304246e-03
3.545000e+02 3.561179e-01 -1.305502e-03
3.550000e+02 3.601494e-01 -1.306866e-03
3.555000e+02 3.642478e-01 -1.308334e-03
3.560000e+02 3.684025e-01 -1.309903e-03
3.565000e+02 3.726033e-01 -1.311569e-03
3.570000e+02 3.768397e-01 -1.313330e-03
3.575000e+02 3.811013e-01 -1.315181e-03
3.580000e+02 3.853779e-01 -1.317119e-03
3.585000e+02 3.896590e-01 -1.319142e-03
3.590000e+02 3.939341e-01 -1.321245e-03
3.595000e+02 3.981931e-01 -1.323425e-03
3.600000e+02 4.024254e-01 -1.325678e-03
3.605000e+02 4.066206e-01 -1.328002e-03
3.610000e+02 4.107685e-01 -1.330393e-03
3.615000e+02 4.148586e-01 -1.332847e-03
3.620000e+02 4.188806e-01 -1.335362e-03
3.625000e+02 4.228241e-01 -1.337933e-03
3.630000e+02 4.266844e-01 -1.340557e-03
3.635000e+02 4.304641e-01 -1.343231e-03
3.640000e+02 4.341663e-01 -1.345952e-03
3.645000e+02 4.377942e-01 -1.348716e-03
3.650000e+02 4.413509e-01 -1.351520e-03
3.655000e+02 4.448397e-01 -1.354360e-03
3.660000e+02 4.482635e-01 -1.357233e-03
3.665000e+02 4.516256e-01 -1.360135e-03
3.670000e+02 4.549292e-01 -1.363063e-03
3.675000e+02 4.581774e-01 -1.366014e-03
3.680000e+02 4.613733e-01 -1.368985e-03
3.685000e+02 4.645201e-01 -1.371971e-03
3.690000e+02 4.676209e-01 -1.374970e-03
3.695000e+02 4.706789e-01 -1.377978e-03
3.700000e+02 4.736973e-01 -1.380991e-03
3.705000e+02 4.766792e-01 -1.384007e-03
3.710000e+02 4.796277e-01 -1.387022e-03
3.715000e+02 4.825460e-01 -1.390033e-03
3.720000e+02 4.854372e-01 -1.393035e-03
3.725000e+02 4.883046e-01 -1.396026e-03
3.730000e+02 4.911512e-01 -1.399003e-03
3.735000e+02 4.939802e-01 -1.401961e-03
3.740000e+02 4.967948e-01 -1.404898e-03
3.745000e+02 4.995980e-01 -1.407810e-03
3.750000e+02 5.023931e-01 -1.410694e-03
3.755000e+02 5.051834e-01 -1.413546e-03
3.760000e+02 5.079718e-01 -1.416363e-03
3.765000e+02 5.107607e-01 -1.419141e-03
3.770000e+02 5.135542e-01 -1.421878e-03
3.775000e+02 5.163584e-01 -1.424569e-03
3.780000e+02 5.191731e-01 -1.427212e-03
3.785000e+02 5.219898e-01 -1.429802e-03
3.790000e+02 5.248248e-01 -1.432337e-03
3.795000e+02 5.277262e-01 -1.434813e-03
3.800000e+02 5.307358e-01 -1.437227e-03
3.805000e+02 5.338774e-01 -1.439576e-03
3.810000e+02 5.371507e-01 -1.441859e-03
3.815000e+02 5.405494e-01 -1.444076e-03
3.820000e+02 5.440674e-01 -1.446228e-03
3.825000e+02 5.476984e-01 -1.448315e-03
3.830000e+02 5.514361e-01 -1.450335e-03
3.835000e+02 5.552744e-01 -1.452291e-03
3.840000e+02 5.592069e-01 -1.454180e-03
3.845000e+02 5.632276e-01 -1.456005e-03
3.850000e+02 5.673300e-01 -1.457764e-03
3.855000e+02 5.715080e-01 -1.459457e-03
3.860000e+02 5.757554e-01 -1.461086e-03
3.865000e+02 5.800659e-01 -1.462648e-03
3.870000e+02 5.844332e-01 -1.464146e-03
3.875000e+02 5.888513e-01 -1.465578e-03
3.880000e+02 5.933137e-01 -1.466946e-03
3.885000e+02 5.978143e-01 -1.468247e-03
3.890000e+02 6.023469e-01 -1.469484e-03
3.895000e+02 6.069051e-01 -1.470656e-03
3.900000e+02 6.114829e-01 -1.471762e-03
3.905000e+02 6.160738e-01 -1.472804e-03
3.910000e+02 6.206718e-01 -1.473780e-03
3.915000e+02 6.252706e-01 -1.474691e-03
3.920000e+02 6.298639e-01 -1.475538e-03
3.925000e+02 6.344454e-01 -1.476319e-03
3.930000e+02 6.390091e-01 -1.477036e-03
3.935000e+02 6.435486e-01 -1.477687e-03
3.940000e+02 6.480576e-01 -1.478274e-03
3.945000e+02 6.525301e-01 -1.478796e-03
3.950000e+02 6.569597e-01 -1.479253e-03
3.955000e+02 6.613401e-01 -1.479645e-03
3.960000e+02 6.656652e-01 -1.479972e-03
3.965000e+02 6.699288e-01 -1.480235e-03
3.970000e+02 6.741245e-01 -1.480433e-03
3.975000e+02 6.782462e-01 -1.480567e-03
3.980000e+02 6.822876e-01 -1.480636e-03
3.985000e+02 6.862425e-01 -1.480640e-03
3.990000e+02 6.901046e-01 -1.480579e-03
3.995000e+02 6.938677e-01 -1.480455e-03
4.000000e+02 6.975256e-01 -1.480265e-03
4.005000e+02 7.010738e-01 -1.480012e-03
4.010000e+02 7.045143e-01 -1.479697e-03
4.015000e+02 7.078511e-01 -1.479323e-03
4.020000e+02 7.110879e-01 -1.478893e-03
4.025000e+02 7.142287e-01 -1.478409e-03
4.030000e+02 7.172771e-01 -1.477875e-03
4.035000e+02 7.202372e-01 -1.477294e-03
4.040000e+02 7.231127e-01 -1.476667e-03
4.045000e+02 7.259075e-01 -1.475999e-03
4.050000e+02 7.286254e-01 -1.475291e-03
4.055000e+02 7.312703e-01 -1.474547e-03
4.060000e+02 7.338460e-01 -1.473769e-03
4.065000e+02 7.363563e-01 -1.472960e-03
4.070000e+02 7.388050e-01 -1.472123e-03
4.075000e+02 7.411961e-01 -1.471260e-03
4.080000e+02 7.435334e-01 -1.470376e-03
4.085000e+02 7.458207e-01 -1.469471e-03
4.090000e+02 7.480618e-01 -1.468549e-03
4.095000e+02 7.502606e-01 -1.467614e-03
4.100000e+02 7.524209e-01 -1.466667e-03
4.105000e+02 7.545466e-01 -1.465711e-03
4.110000e+02 7.566415e-01 -1.464750e-03
4.115000e+02 7.587094e-01 -1.463786e-03
4.120000e+02 7.607543e-01 -1.462822e-03
4.125000e+02 7.627799e-01 -1.461860e-03
4.130000e+02 7.647900e-01 -1.460904e-03
4.135000e+02 7.667886e-01 -1.459956e-03
4.140000e+02 7.687794e-01 -1.459019e-03
4.145000e+02 7.707663e-01 -1.458096e-03
4.150000e+02 7.727532e-01 -1.457190e-03
4.155000e+02 7.747438e-01 -1.456303e-03
4.160000e+02 7.767421e-01 -1.455438e-03
4.165000e+02 7.787518e-01 -1.454599e-03
4.170000e+02 7.807769e-01 -1.453787e-03
4.175000e+02 7.828211e-01 -1.453006e-03
4.180000e+02 7.848882e-01 -1.452258e-03
4.185000e+02 7.869822e-01 -1.451547e-03
4.190000e+02 7.891069e-01 -1.450874e-03
4.195000e+02 7.912660e-01 -1.450244e-03
4.200000e+02 7.934636e-01 -1.449658e-03
4.205000e+02 7.957022e-01 -1.449118e-03
4.210000e+02 7.979807e-01 -1.448621e-03
4.215000e+02 8.002964e-01 -1.448164e-03
4.220000e+02 8.026471e-01 -1.447741e-03
4.225000e+02 8.050302e-01 -1.447349e-03
4.230000e+02 8.074434e-01 -1.446983e-03
4.235000e+02 8.098841e-01 -1.446639e-03
4.240000e+02 8.123501e-01 -1.446313e-03
4.245000e+02 8.148388e-01 -1.446000e-03
4.250000e+02 8.173478e-01 -1.445697e-03
4.255000e+02 8.198747e-01 -1.445399e-03
4.260000e+02 8.224170e-01 -1.445102e-03
4.265000e+02 8.249724e-01 -1.444802e-03
4.270000e+02 8.275383e-01 -1.444494e-03
4.275000e+02 8.301124e-01 -1.444175e-03
4.280000e+02 8.326923e-01 -1.443840e-03
4.285000e+02 8.352754e-01 -1.443484e-03
4.290000e+02 8.378594e-01 -1.443104e-03
4.295000e+02 8.404418e-01 -1.442695e-03
4.300000e+02 8.430203e-01 -1.442254e-03
4.305000e+02 8.455923e-01 -1.441775e-03
4.310000e+02 8.481555e-01 -1.441255e-03
4.315000e+02 8.507073e-01 -1.440690e-03
4.320000e+02 8.532455e-01 -1.440074e-03
4.325000e+02 8.557675e-01 -1.439405e-03
4.330000e+02 8.582709e-01 -1.438678e-03
4.335000e+02 8.607533e-01 -1.437888e-03
4.340000e+02 8.632123e-01 -1.437031e-03
4.345000e+02 8.656454e-01 -1.436104e-03
4.350000e+02 8.680502e-01 -1.435101e-03
4.355000e+02 8.704242e-01 -1.434019e-03
4.360000e+02 8.727651e-01 -1.432853e-03
4.365000e+02 8.750704e-01 -1.431600e-03
4.370000e+02 8.773376e-01 -1.430255e-03
4.375000e+02 8.795644e-01 -1.428813e-03
4.380000e+02 8.817483e-01 -1.427271e-03
4.385000e+02 8.838869e-01 -1.425624e-03
4.390000e+02 8.859777e-01 -1.423869e-03
4.395000e+02 8.880184e-01 -1.422000e-03
4.400000e+02 8.900064e-01 -1.420014e-03
4.405000e+02 8.919400e-01 -1.417908e-03
4.410000e+02 8.938193e-01 -1.415688e-03
4.415000e+02 8.956453e-01 -1.413361e-03
4.420000e+02 8.974187e-01 -1.410935e-03
4.425000e+02 8.991404e-01 -1.408418e-03
4.430000e+02 9.008113e-01 -1.405817e-03
4.435000e+02 9.024322e-01 -1.403139e-03
4.440000e+02 9.040039e-01 -1.400392e-03
4.445000e+02 9.055273e-01 -1.397583e-03
4.450000e+02 9.070032e-01 -1.394720e-03
4.455000e+02 9.084325e-01 -1.391811e-03
4.460000e+02 9.098159e-01 -1.388862e-03
4.465000e+02 9.111544e-01 -1.385882e-03
4.470000e+02 9.124487e-01 -1.382878e-03
4.475000e+02 9.136997e-01 -1.379857e-03
4.480000e+02 9.149083e-01 -1.376827e-03
4.485000e+02 9.160752e-01 -1.373796e-03
4.490000e+02 9.172014e-01 -1.370770e-03
4.495000e+02 9.182877e-01 -1.367758e-03
4.500000e+02 9.193348e-01 -1.364766e-03
4.505000e+02 9.203437e-01 -1.361804e-03
4.510000e+02 9.213152e-01 -1.358877e-03
4.515000e+02 9.222500e-01 -1.355993e-03
4.520000e+02 9.231492e-01 -1.353160e-03
4.525000e+02 9.240134e-01 -1.350386e-03
4.530000e+02 9.248436e-01 -1.347678e-03
4.535000e+02 9.256406e-01 -1.345043e-03
4.540000e+02 9.264051e-01 -1.342488e-03
4.545000e+02 9.271382e-01 -1.340023e-03
4.550000e+02 9.278405e-01 -1.337653e-03
4.555000e+02 9.285130e-01 -1.335387e-03
4.560000e+02 9.291564e-01 -1.333231e-03
4.565000e+02 9.297716e-01 -1.331194e-03
4.570000e+02 9.303595e-01 -1.329283e-03
4.575000e+02 9.309209e-01 -1.327505e-03
4.580000e+02 9.314566e-01 -1.325868e-03
4.585000e+02 9.319675e-01 -1.324380e-03
4.590000e+02 9.324544e-01 -1.323047e-03
4.595000e+02 9.329182e-01 -1.321878e-03
4.600000e+02 9.333596e-01 -1.320880e-03
4.605000e+02 9.337795e-01 -1.320057e-03
4.610000e+02 9.341786e-01 -1.319406e-03
4.615000e+02 9.345576e-01 -1.318918e-03
4.620000e+02 9.349169e-01 -1.318587e-03
4.625000e+02 9.352574e-01 -1.318404e-03
4.630000e+02 9.355796e-01 -1.318363e-03
4.635000e+02 9.358842e-01 -1.318455e-03
4.640000e+02 9.361718e-01 -1.318674e-03
4.645000e+02 9.364431e-01 -1.319012e-03
4.650000e+02 9.366987e-01 -1.319462e-03
4.655000e+02 9.369393e-01 -1.320016e-03
4.660000e+02 9.371654e-01 -1.320668e-03
4.665000e+02 9.373778e-01 -1.321408e-03
4.670000e+02 9.375771e-01 -1.322231e-03
4.675000e+02 9.377639e-01 -1.323128e-03
4.680000e+02 9.379389e-01 -1.324093e-03
4.685000e+02 9.381027e-01 -1.325117e-03
4.690000e+02 9.382559e-01 -1.326194e-03
4.695000e+02 9.383993e-01 -1.327316e-03
4.700000e+02 9.385333e-01 -1.328476e-03
4.705000e+02 9.386588e-01 -1.329666e-03
4.710000e+02 9.387763e-01 -1.330878e-03
4.715000e+02 9.388864e-01 -1.332106e-03
4.720000e+02 9.389899e-01 -1.333342e-03
4.725000e+02 9.390873e-01 -1.334579e-03
4.730000e+02 9.391793e-01 -1.335808e-03
4.735000e+02 9.392666e-01 -1.337024e-03
4.740000e+02 9.393497e-01 -1.338218e-03
4.745000e+02 9.394294e-01 -1.339383e-03
4.750000e+02 9.395062e-01 -1.340511e-03
4.755000e+02 9.395809e-01 -1.341595e-03
4.760000e+02 9.396540e-01 -1.342629e-03
4.765000e+02 9.397262e-01 -1.343603e-03
4.770000e+02 9.397981e-01 -1.344511e-03
4.775000e+02 9.398704e-01 -1.345346e-03
4.780000e+02 9.399438e-01 -1.346100e-03
4.785000e+02 9.400188e-01 -1.346766e-03
4.790000e+02 9.400961e-01 -1.347336e-03
4.795000e+02 9.401763e-01 -1.347802e-03
4.800000e+02 9.402602e-01 -1.348158e-03
4.805000e+02 9.403482e-01 -1.348399e-03
4.810000e+02 9.404401e-01 -1.348526e-03
4.815000e+02 9.405358e-01 -1.348546e-03
4.820000e+02 9.406350e-01 -1.348463e-03
4.825000e+02 9.407374e-01 -1.348282e-03
4.830000e+02 9.408428e-01 -1.348010e-03
4.835000e+02 9.409510e-01 -1.347649e-03
4.840000e+02 9.410617e-01 -1.347207e-03
4.845000e+02 9.411747e-01 -1.346688e-03
4.850000e+02 9.412897e-01 -1.346097e-03
4.855000e+02 9.414064e-01 -1.345439e-03
4.860000e+02 9.415247e-01 -1.344719e-03
4.865000e+02 9.416442e-01 -1.343943e-03
4.870000e+02 9.417648e-01 -1.343115e-03
4.875000e+02 9.418861e-01 -1.342241e-03
4.880000e+02 9.420080e-01 -1.341326e-03
4.885000e+02 9.421302e-01 -1.340374e-03
4.890000e+02 9.422524e-01 -1.339392e-03
4.895000e+02 9.423744e-01 -1.338384e-03
4.900000e+02 9.424959e-01 -1.337355e-03
4.905000e+02 9.426167e-01 -1.336310e-03
4.910000e+02 9.427366e-01 -1.335255e-03
4.915000e+02 9.428553e-01 -1.334195e-03
4.920000e+02 9.429725e-01 -1.333134e-03
4.925000e+02 9.430880e-01 -1.332078e-03
4.930000e+02 9.432016e-01 -1.331032e-03
4.935000e+02 9.433130e-01 -1.330001e-03
4.940000e+02 9.434220e-01 -1.328991e-03
4.945000e+02 9.435283e-01 -1.328005e-03
4.950000e+02 9.436317e-01 -1.327051e-03
4.955000e+02 9.437319e-01 -1.326131e-03
4.960000e+02 9.438286e-01 -1.325252e-03
4.965000e+02 9.439217e-01 -1.324420e-03
4.970000e+02 9.440109e-01 -1.323637e-03
4.975000e+02 9.440960e-01 -1.322911e-03
4.980000e+02 9.441766e-01 -1.322247e-03
4.985000e+02 9.442525e-01 -1.321648e-03
4.990000e+02 9.443236e-01 -1.321121e-03
4.995000e+02 9.443895e-01 -1.320670e-03
5.000000e+02 9.444500e-01 -1.320301e-03
5.005000e+02 9.445049e-01 -1.320017e-03
5.010000e+02 9.445542e-01 -1.319816e-03
5.015000e+02 9.445981e-01 -1.319695e-03
5.020000e+02 9.446366e-01 -1.319651e-03
5.025000e+02 9.446699e-01 -1.319680e-03
5.030000e+02 9.446979e-01 -1.319779e-03
5.035000e+02 9.447209e-01 -1.319944e-03
5.040000e+02 9.447389e-01 -1.320171e-03
5.045000e+02 9.447520e-01 -1.320458e-03
5.050000e+02 9.447602e-01 -1.320801e-03
5.055000e+02 9.447638e-01 -1.321197e-03
5.060000e+02 9.447627e-01 -1.321642e-03
5.065000e+02 9.447571e-01 -1.322133e-03
5.070000e+02 9.447470e-01 -1.322666e-03
5.075000e+02 9.447326e-01 -1.323239e-03
5.080000e+02 9.447139e-01 -1.323847e-03
5.085000e+02 9.446911e-01 -1.324487e-03
5.090000e+02 9.446642e-01 -1.325155e-03
5.095000e+02 9.446333e-01 -1.325849e-03
5.100000e+02 9.445986e-01 -1.326566e-03
5.105000e+02 9.445600e-01 -1.327300e-03
5.110000e+02 9.445178e-01 -1.328050e-03
5.115000e+02 9.444719e-01 -1.328812e-03
5.120000e+02 9.444225e-01 -1.329581e-03
5.125000e+02 9.443697e-01 -1.330356e-03
5.130000e+02 9.443136e-01 -1.331132e-03
5.135000e+02 9.442542e-01 -1.331907e-03
5.140000e+02 9.441917e-01 -1.332676e-03
5.145000e+02 9.441262e-01 -1.333436e-03
5.150000e+02 9.440577e-01 -1.334184e-03
5.155000e+02 9.439863e-01 -1.334917e-03
5.160000e+02 9.439121e-01 -1.335631e-03
5.165000e+02 9.438353e-01 -1.336322e-03
5.170000e+02 9.437559e-01 -1.336988e-03
5.175000e+02 9.436740e-01 -1.337624e-03
5.180000e+02 9.435897e-01 -1.338228e-03
5.185000e+02 9.435030e-01 -1.338796e-03
5.190000e+02 9.434142e-01 -1.339324e-03
5.195000e+02 9.433232e-01 -1.339810e-03
5.200000e+02 9.432302e-01 -1.340249e-03
5.205000e+02 9.431353e-01 -1.340640e-03
5.210000e+02 9.430388e-01 -1.340982e-03
5.215000e+02 9.429408e-01 -1.341276e-03
5.220000e+02 9.428418e-01 -1.341522e-03
5.225000e+02 9.427420e-01 -1.341723e-03
5.230000e+02 9.426417e-01 -1.341878e-03
5.235000e+02 9.425411e-01 -1.341988e-03
5.240000e+02 9.424406e-01 -1.342055e-03
5.245000e+02 9.423404e-01 -1.342079e-03
5.250000e+02 9.422408e-01 -1.342061e-03
5.255000e+02 9.421421e-01 -1.342002e-03
5.260000e+02 9.420446e-01 -1.341902e-03
5.265000e+02 9.419486e-01 -1.341763e-03
5.270000e+02 9.418543e-01 -1.341586e-03
5.275000e+02 9.417621e-01 -1.341370e-03
5.280000e+02 9.416722e-01 -1.341118e-03
5.285000e+02 9.415849e-01 -1.340829e-03
5.290000e+02 9.415004e-01 -1.340506e-03
5.295000e+02 9.414192e-01 -1.340147e-03
5.300000e+02 9.413414e-01 -1.339756e-03
5.305000e+02 9.412673e-01 -1.339331e-03
5.310000e+02 9.411973e-01 -1.338875e-03
5.315000e+02 9.411316e-01 -1.338387e-03
5.320000e+02 9.410704e-01 -1.337870e-03
5.325000e+02 9.410142e-01 -1.337323e-03
5.330000e+02 9.409631e-01 -1.336748e-03
5.335000e+02 9.409174e-01 -1.336145e-03
5.340000e+02 9.408775e-01 -1.335515e-03
5.345000e+02 9.408435e-01 -1.334859e-03
5.350000e+02 9.408159e-01 -1.334178e-03
5.355000e+02 9.407948e-01 -1.333473e-03
5.360000e+02 9.407806e-01 -1.332744e-03
5.365000e+02 9.407736e-01 -1.331993e-03
5.370000e+02 9.407740e-01 -1.331220e-03
5.375000e+02 9.407821e-01 -1.330426e-03
5.380000e+02 9.407982e-01 -1.329612e-03
5.385000e+02 9.408225e-01 -1.328779e-03
5.390000e+02 9.408555e-01 -1.327928e-03
5.395000e+02 9.408973e-01 -1.327059e-03
5.400000e+02 9.409482e-01 -1.326173e-03
5.405000e+02 9.410084e-01 -1.325272e-03
5.410000e+02 9.410773e-01 -1.324355e-03
5.415000e+02 9.411544e-01 -1.323424e-03
5.420000e+02 9.412390e-01 -1.322479e-03
5.425000e+02 9.413304e-01 -1.321522e-03
5.430000e+02 9.414281e-01 -1.320552e-03
5.435000e+02 9.415313e-01 -1.319570e-03
5.440000e+02 9.416395e-01 -1.318577e-03
5.445000e+02 9.417519e-01 -1.317575e-03
5.450000e+02 9.418680e-01 -1.316562e-03
5.455000e+02 9.419871e-01 -1.315541e-03
5.460000e+02 9.421085e-01 -1.314512e-03
5.465000e+02 9.422317e-01 -1.313475e-03
5.470000e+02 9.423560e-01 -1.312431e-03
5.475000e+02 9.424807e-01 -1.311382e-03
5.480000e+02 9.426052e-01 -1.310327e-03
5.485000e+02 9.427289e-01 -1.309268e-03
5.490000e+02 9.428511e-01 -1.308204e-03
5.495000e+02 9.429711e-01 -1.307138e-03
5.500000e+02 9.430884e-01 -1.306068e-03
5.505000e+02 9.432023e-01 -1.304998e-03
5.510000e+02 9.433122e-01 -1.303925e-03
5.515000e+02 9.434174e-01 -1.302853e-03
5.520000e+02 9.435172e-01 -1.301781e-03
5.525000e+02 9.436111e-01 -1.300709e-03
5.530000e+02 9.436984e-01 -1.299640e-03
5.535000e+02 9.437784e-01 -1.298572e-03
5.540000e+02 9.438505e-01 -1.297508e-03
5.545000e+02 9.439141e-01 -1.296448e-03
5.550000e+02 9.439685e-01 -1.295392e-03
5.555000e+02 9.440131e-01 -1.294341e-03
5.560000e+02 9.440473e-01 -1.293296e-03
5.565000e+02 9.440703e-01 -1.292258e-03
5.570000e+02 9.440817e-01 -1.291226e-03
5.575000e+02 9.440806e-01 -1.290203e-03
5.580000e+02 9.440665e-01 -1.289189e-03
5.585000e+02 9.440388e-01 -1.288184e-03
5.590000e+02 9.439968e-01 -1.287189e-03
5.595000e+02 9.439398e-01 -1.286204e-03
5.600000e+02 9.438672e-01 -1.285231e-03
5.605000e+02 9.437786e-01 -1.284270e-03
5.610000e+02 9.436743e-01 -1.283320e-03
5.615000e+02 9.435549e-01 -1.282379e-03
5.620000e+02 9.434207e-01 -1.281446e-03
5.625000e+02 9.432725e-01 -1.280519e-03
5.630000e+02 9.431107e-01 -1.279597e-03
5.635000e+02 9.429358e-01 -1.278679e-03
5.640000e+02 9.427483e-01 -1.277763e-03
5.645000e+02 9.425488e-01 -1.276848e-03
5.650000e+02 9.423378e-01 -1.275932e-03
5.655000e+02 9.421159e-01 -1.275014e-03
5.660000e+02 9.418835e-01 -1.274092e-03
5.665000e+02 9.416411e-01 -1.273165e-03
5.670000e+02 9.413894e-01 -1.272232e-03
5.675000e+02 9.411288e-01 -1.271291e-03
5.680000e+02 9.408598e-01 -1.270340e-03
5.685000e+02 9.405831e-01 -1.269379e-03
5.690000e+02 9.402990e-01 -1.268406e-03
5.695000e+02 9.400081e-01 -1.267419e-03
5.700000e+02 9.397110e-01 -1.266417e-03
5.705000e+02 9.394082e-01 -1.265398e-03
5.710000e+02 9.391002e-01 -1.264362e-03
5.715000e+02 9.387875e-01 -1.263306e-03
5.720000e+02 9.384707e-01 -1.262230e-03
5.725000e+02 9.381502e-01 -1.261131e-03
5.730000e+02 9.378266e-01 -1.260009e-03
5.735000e+02 9.375005e-01 -1.258862e-03
5.740000e+02 9.371723e-01 -1.257688e-03
5.745000e+02 9.368426e-01 -1.256486e-03
5.750000e+02 9.365119e-01 -1.255255e-03
5.755000e+02 9.361807e-01 -1.253993e-03
5.760000e+02 9.358496e-01 -1.252699e-03
5.765000e+02 9.355190e-01 -1.251371e-03
5.770000e+02 9.351895e-01 -1.250009e-03
5.775000e+02 9.348617e-01 -1.248609e-03
5.780000e+02 9.345360e-01 -1.247172e-03
5.785000e+02 9.342130e-01 -1.245696e-03
5.790000e+02 9.338932e-01 -1.244178e-03
5.795000e+02 9.335771e-01 -1.242619e-03
5.800000e+02 9.332653e-01 -1.241015e-03
5.805000e+02 9.329581e-01 -1.239367e-03
5.810000e+02 9.326555e-01 -1.237674e-03
5.815000e+02 9.323571e-01 -1.235937e-03
5.820000e+02 9.320627e-01 -1.234154e-03
5.825000e+02 9.317721e-01 -1.232328e-03
5.830000e+02 9.314849e-01 -1.230457e-03
5.835000e+02 9.312010e-01 -1.228542e-03
5.840000e+02 9.309200e-01 -1.226584e-03
5.845000e+02 9.306418e-01 -1.224582e-03
5.850000e+02 9.303660e-01 -1.222536e-03
5.855000e+02 9.300925e-01 -1.220447e-03
5.860000e+02 9.298209e-01 -1.218315e-03
5.865000e+02 9.295509e-01 -1.216141e-03
5.870000e+02 9.292824e-01 -1.213923e-03
5.875000e+02 9.290151e-01 -1.211663e-03
5.880000e+02 9.287487e-01 -1.209361e-03
5.885000e+02 9.284830e-01 -1.207016e-03
5.890000e+02 9.282176e-01 -1.204630e-03
5.895000e+02 9.279524e-01 -1.202202e-03
5.900000e+02 9.276871e-01 -1.199732e-03
5.905000e+02 9.274215e-01 -1.197221e-03
5.910000e+02 9.271552e-01 -1.194669e-03
5.915000e+02 9.268880e-01 -1.192075e-03
5.920000e+02 9.266197e-01 -1.189441e-03
5.925000e+02 9.263499e-01 -1.186766e-03
5.930000e+02 9.260786e-01 -1.184051e-03
5.935000e+02 9.258053e-01 -1.181295e-03
5.940000e+02 9.255298e-01 -1.178500e-03
5.945000e+02 9.252519e-01 -1.175664e-03
5.950000e+02 9.249714e-01 -1.172789e-03
5.955000e+02 9.246879e-01 -1.169874e-03
5.960000e+02 9.244012e-01 -1.166919e-03
5.965000e+02 9.241110e-01 -1.163926e-03
5.970000e+02 9.238171e-01 -1.160893e-03
5.975000e+02 9.235193e-01 -1.157822e-03
5.980000e+02 9.232172e-01 -1.154712e-03
5.985000e+02 9.229106e-01 -1.151564e-03
5.990000e+02 9.225993e-01 -1.148377e-03
5.995000e+02 9.222830e-01 -1.145152e-03
6.000000e+02 9.219615e-01 -1.141890e-03
6.005000e+02 9.216345e-01 -1.138590e-03
6.010000e+02 9.213020e-01 -1.135257e-03
6.015000e+02 9.209643e-01 -1.131894e-03
6.020000e+02 9.206212e-01 -1.128506e-03
6.025000e+02 9.202731e-01 -1.125097e-03
6.030000e+02 9.199198e-01 -1.121671e-03
6.035000e+02 9.195616e-01 -1.118231e-03
6.040000e+02 9.191984e-01 -1.114783e-03
6.045000e+02 9.188305e-01 -1.111329e-03
6.050000e+02 9.184578e-01 -1.107876e-03
6.055000e+02 9.180805e-01 -1.104425e-03
6.060000e+02 9.176987e-01 -1.100982e-03
6.065000e+02 9.173124e-01 -1.097551e-03
6.070000e+02 9.169217e-01 -1.094135e-03
6.075000e+02 9.165268e-01 -1.090740e-03
6.080000e+02 9.161277e-01 -1.087368e-03
6.085000e+02 9.157244e-01 -1.084024e-03
6.090000e+02 9.153172e-01 -1.080713e-03
6.095000e+02 9.149060e-01 -1.077438e-03
6.100000e+02 9.144910e-01 -1.074203e-03
6.105000e+02 9.140722e-01 -1.071013e-03
6.110000e+02 9.136498e-01 -1.067871e-03
6.115000e+02 9.132238e-01 -1.064783e-03
6.120000e+02 9.127943e-01 -1.061751e-03
6.125000e+02 9.123614e-01 -1.058780e-03
6.130000e+02 9.119252e-01 -1.055874e-03
6.135000e+02 9.114858e-01 -1.053038e-03
6.140000e+02 9.110433e-01 -1.050274e-03
6.145000e+02 9.105977e-01 -1.047589e-03
6.150000e+02 9.101492e-01 -1.044984e-03
6.155000e+02 9.096978e-01 -1.042466e-03
6.160000e+02 9.092436e-01 -1.040037e-03
6.165000e+02 9.087867e-01 -1.037702e-03
6.170000e+02 9.083272e-01 -1.035465e-03
6.175000e+02 9.078652e-01 -1.033330e-03
6.180000e+02 9.074008e-01 -1.031302e-03
6.185000e+02 9.069340e-01 -1.029384e-03
6.190000e+02 9.064650e-01 -1.027580e-03
6.195000e+02 9.059938e-01 -1.025895e-03
6.200000e+02 9.055206e-01 -1.024332e-03
6.205000e+02 9.050453e-01 -1.022894e-03
6.210000e+02 9.045680e-01 -1.021575e-03
6.215000e+02 9.040885e-01 -1.020365e-03
6.220000e+02 9.036068e-01 -1.019257e-03
6.225000e+02 9.031228e-01 -1.018243e-03
6.230000e+02 9.026364e-01 -1.017313e-03
6.235000e+02 9.021476e-01 -1.016460e-03
6.240000e+02 9.016562e-01 -1.015675e-03
6.245000e+02 9.011622e-01 -1.014950e-03
6.250000e+02 9.006655e-01 -1.014276e-03
6.255000e+02 9.001660e-01 -1.013645e-03
6.260000e+02 8.996637e-01 -1.013049e-03
6.265000e+02 8.991584e-01 -1.012479e-03
6.270000e+02 8.986501e-01 -1.011927e-03
6.275000e+02 8.981387e-01 -1.011384e-03
6.280000e+02 8.976241e-01 -1.010842e-03
6.285000e+02 8.971063e-01 -1.010293e-03
6.290000e+02 8.965851e-01 -1.009729e-03
6.295000e+02 8.960606e-01 -1.009140e-03
6.300000e+02 8.955325e-01 -1.008519e-03
6.305000e+02 8.950009e-01 -1.007858e-03
6.310000e+02 8.944656e-01 -1.007147e-03
6.315000e+02 8.939265e-01 -1.006378e-03
6.320000e+02 8.933837e-01 -1.005544e-03
6.325000e+02 8.928370e-01 -1.004635e-03
6.330000e+02 8.922863e-01 -1.003644e-03
6.335000e+02 8.917316e-01 -1.002561e-03
6.340000e+02 8.911727e-01 -1.001379e-03
6.345000e+02 8.906096e-01 -1.000090e-03
6.350000e+02 8.900422e-01 -9.986837e-04
6.355000e+02 8.894705e-01 -9.971532e-04
6.360000e+02 8.888943e-01 -9.954897e-04
6.365000e+02 8.883136e-01 -9.936849e-04
6.370000e+02 8.877283e-01 -9.917304e-04
6.375000e+02 8.871384e-01 -9.896178e-04
6.380000e+02 8.865436e-01 -9.873387e-04
6.385000e+02 8.859440e-01 -9.848848e-04
6.390000e+02 8.853395e-01 -9.822477e-04
6.395000e+02 8.847300e-01 -9.794189e-04
6.400000e+02 8.841154e-01 -9.763901e-04
6.405000e+02 8.834957e-01 -9.731553e-04
6.410000e+02 8.828708e-01 -9.697177e-04
6.415000e+02 8.822410e-01 -9.660826e-04
6.420000e+02 8.816062e-01 -9.622558e-04
6.425000e+02 8.809665e-01 -9.582426e-04
6.430000e+02 8.803220e-01 -9.540485e-04
6.435000e+02 8.796727e-01 -9.496792e-04
6.440000e+02 8.790188e-01 -9.451400e-04
6.445000e+02 8.783602e-01 -9.404365e-04
6.450000e+02 8.776970e-01 -9.355741e-04
6.455000e+02 8.770294e-01 -9.305585e-04
6.460000e+02 8.763574e-01 -9.253951e-04
6.465000e+02 8.756810e-01 -9.200894e-04
6.470000e+02 8.750003e-01 -9.146469e-04
6.475000e+02 8.743154e-01 -9.090731e-04
6.480000e+02 8.736263e-01 -9.033736e-04
6.485000e+02 8.729332e-01 -8.975538e-04
6.490000e+02 8.722360e-01 -8.916192e-04
6.495000e+02 8.715349e-01 -8.855754e-04
6.500000e+02 8.708299e-01 -8.794278e-04
6.505000e+02 8.701211e-01 -8.731820e-04
6.510000e+02 8.694086e-01 -8.668435e-04
6.515000e+02 8.686923e-01 -8.604177e-04
6.520000e+02 8.679725e-01 -8.539102e-04
6.525000e+02 8.672491e-01 -8.473265e-04
6.530000e+02 8.665222e-01 -8.406721e-04
6.535000e+02 8.657919e-01 -8.339525e-04
6.540000e+02 8.650583e-01 -8.271731e-04
6.545000e+02 8.643214e-01 -8.203396e-04
6.550000e+02 8.635813e-01 -8.134574e-04
6.555000e+02 8.628380e-01 -8.065321e-04
6.560000e+02 8.620916e-01 -7.995690e-04
6.565000e+02 8.613423e-01 -7.925738e-04
6.570000e+02 8.605900e-01 -7.855519e-04
6.575000e+02 8.598348e-01 -7.785089e-04
6.580000e+02 8.590768e-01 -7.714503e-04
6.585000e+02 8.583161e-01 -7.643815e-04
6.590000e+02 8.575527e-01 -7.573080e-04
6.595000e+02 8.567867e-01 -7.502354e-04
6.600000e+02 8.560182e-01 -7.431692e-04
6.605000e+02 8.552472e-01 -7.361147e-04
6.610000e+02 8.544737e-01 -7.290763e-04
6.615000e+02 8.536977e-01 -7.220583e-04
6.620000e+02 8.529192e-01 -7.150650e-04
6.625000e+02 8.521382e-01 -7.081005e-04
6.630000e+02 8.513547e-01 -7.011691e-04
6.635000e+02 8.505687e-01 -6.942751e-04
6.640000e+02 8.497802e-01 -6.874227e-04
6.645000e+02 8.489891e-01 -6.806162e-04
6.650000e+02 8.481955e-01 -6.738598e-04
6.655000e+02 8.473994e-01 -6.671577e-04
6.660000e+02 8.466007e-01 -6.605143e-04
6.665000e+02 8.457995e-01 -6.539337e-04
6.670000e+02 8.449956e-01 -6.474202e-04
6.675000e+02 8.441893e-01 -6.409781e-04
6.680000e+02 8.433803e-01 -6.346116e-04
6.685000e+02 8.425687e-01 -6.283250e-04
6.690000e+02 8.417546e-01 -6.221224e-04
6.695000e+02 8.409378e-01 -6.160082e-04
6.700000e+02 8.401185e-01 -6.099865e-04
6.705000e+02 8.392965e-01 -6.040618e-04
6.710000e+02 8.384719e-01 -5.982381e-04
6.715000e+02 8.376447e-01 -5.925197e-04
6.720000e+02 8.368148e-01 -5.869109e-04
6.725000e+02 8.359823e-01 -5.814160e-04
6.730000e+02 8.351471e-01 -5.760391e-04
6.735000e+02 8.343093e-01 -5.707846e-04
6.740000e+02 8.334688e-01 -5.656566e-04
6.745000e+02 8.326256e-01 -5.606595e-04
6.750000e+02 8.317798e-01 -5.557974e-04
6.755000e+02 8.309312e-01 -5.510747e-04
6.760000e+02 8.300800e-01 -5.464955e-04
6.765000e+02 8.292261e-01 -5.420641e-04
6.770000e+02 8.283694e-01 -5.377848e-04
6.775000e+02 8.275101e-01 -5.336619e-04
6.780000e+02 8.266480e-01 -5.296994e-04
6.785000e+02 8.257832e-01 -5.259018e-04
6.790000e+02 8.249156e-01 -5.222732e-04
6.795000e+02 8.240453e-01 -5.188180e-04
6.800000e+02 8.231722e-01 -5.155402e-04
6.805000e+02 8.222964e-01 -5.124423e-04
6.810000e+02 8.214179e-01 -5.095187e-04
6.815000e+02 8.205368e-01 -5.067618e-04
6.820000e+02 8.196532e-01 -5.041640e-04
6.825000e+02 8.187670e-01 -5.017179e-04
6.830000e+02 8.178784e-01 -4.994158e-04
6.835000e+02 8.169875e-01 -4.972502e-04
6.840000e+02 8.160944e-01 -4.952137e-04
6.845000e+02 8.151990e-01 -4.932985e-04
6.850000e+02 8.143015e-01 -4.914973e-04
6.855000e+02 8.134019e-01 -4.898024e-04
6.860000e+02 8.125003e-01 -4.882062e-04
6.865000e+02 8.115968e-01 -4.867014e-04
6.870000e+02 8.106914e-01 -4.852802e-04
6.875000e+02 8.097843e-01 -4.839352e-04
6.880000e+02 8.088754e-01 -4.826589e-04
6.885000e+02 8.079649e-01 -4.814436e-04
6.890000e+02 8.070528e-01 -4.802818e-04
6.895000e+02 8.061392e-01 -4.791660e-04
6.900000e+02 8.052241e-01 -4.780886e-04
6.905000e+02 8.043077e-01 -4.770422e-04
6.910000e+02 8.033900e-01 -4.760191e-04
6.915000e+02 8.024710e-01 -4.750117e-04
6.920000e+02 8.015509e-01 -4.740127e-04
6.925000e+02 8.006297e-01 -4.730143e-04
6.930000e+02 7.997075e-01 -4.720091e-04
6.935000e+02 7.987843e-01 -4.709895e-04
6.940000e+02 7.978602e-01 -4.699480e-04
6.945000e+02 7.969354e-01 -4.688770e-04
6.950000e+02 7.960097e-01 -4.677690e-04
6.955000e+02 7.950834e-01 -4.666165e-04
6.960000e+02 7.941565e-01 -4.654118e-04
6.965000e+02 7.932291e-01 -4.641475e-04
6.970000e+02 7.923012e-01 -4.628159e-04
6.975000e+02 7.913729e-01 -4.614097e-04
6.980000e+02 7.904442e-01 -4.599211e-04
6.985000e+02 7.895153e-01 -4.583427e-04
6.990000e+02 7.885862e-01 -4.566669e-04
6.995000e+02 7.876570e-01 -4.548862e-04
7.000000e+02 7.867278e-01 -4.529930e-04
7.005000e+02 7.857985e-01 -4.509812e-04
7.010000e+02 7.848693e-01 -4.488501e-04
7.015000e+02 7.839400e-01 -4.466005e-04
7.020000e+02 7.830106e-01 -4.442332e-04
7.025000e+02 7.820811e-01 -4.417489e-04
7.030000e+02 7.811514e-01 -4.391483e-04
7.035000e+02 7.802216e-01 -4.364322e-04
7.040000e+02 7.792915e-01 -4.336015e-04
7.045000e+02 7.783612e-01 -4.306567e-04
7.050000e+02 7.774306e-01 -4.275987e-04
7.055000e+02 7.764997e-01 -4.244283e-04
7.060000e+02 7.755685e-01 -4.211462e-04
7.065000e+02 7.746368e-01 -4.177531e-04
7.070000e+02 7.737048e-01 -4.142499e-04
7.075000e+02 7.727723e-01 -4.106372e-04
7.080000e+02 7.718393e-01 -4.069158e-04
7.085000e+02 7.709058e-01 -4.030865e-04
7.090000e+02 7.699718e-01 -3.991500e-04
7.095000e+02 7.690372e-01 -3.951071e-04
7.100000e+02 7.681019e-01 -3.909586e-04
7.105000e+02 7.671660e-01 -3.867051e-04
7.110000e+02 7.662295e-01 -3.823476e-04
7.115000e+02 7.652922e-01 -3.778866e-04
7.120000e+02 7.643541e-01 -3.733230e-04
7.125000e+02 7.634153e-01 -3.686575e-04
7.130000e+02 7.624756e-01 -3.638909e-04
7.135000e+02 7.615351e-01 -3.590239e-04
7.140000e+02 7.605938e-01 -3.540574e-04
7.145000e+02 7.596515e-01 -3.489919e-04
7.150000e+02 7.587082e-01 -3.438284e-04
7.155000e+02 7.577640e-01 -3.385675e-04
7.160000e+02 7.568187e-01 -3.332101e-04
7.165000e+02 7.558724e-01 -3.277568e-04
7.170000e+02 7.549250e-01 -3.222084e-04
7.175000e+02 7.539765e-01 -3.165658e-04
7.180000e+02 7.530269e-01 -3.108295e-04
7.185000e+02 7.520760e-01 -3.050005e-04
7.190000e+02 7.511240e-01 -2.990794e-04
7.195000e+02 7.501706e-01 -2.930670e-04
7.200000e+02 7.492160e-01 -2.869641e-04
7.205000e+02 7.482601e-01 -2.807723e-04
7.210000e+02 7.473028e-01 -2.744966e-04
7.215000e+02 7.463439e-01 -2.681432e-04
7.220000e+02 7.453836e-01 -2.617179e-04
7.225000e+02 7.444215e-01 -2.552268e-04
7.230000e+02 7.434578e-01 -2.486758e-04
7.235000e+02 7.424922e-01 -2.420710e-04
7.240000e+02 7.415247e-01 -2.354182e-04
7.245000e+02 7.405553e-01 -2.287236e-04
7.250000e+02 7.395838e-01 -2.219930e-04
7.255000e+02 7.386102e-01 -2.152325e-04
7.260000e+02 7.376343e-01 -2.084481e-04
7.265000e+02 7.366561e-01 -2.016457e-04
7.270000e+02 7.356756e-01 -1.948313e-04
7.275000e+02 7.346926e-01 -1.880109e-04
7.280000e+02 7.337070e-01 -1.811906e-04
7.285000e+02 7.327188e-01 -1.743762e-04
7.290000e+02 7.317279e-01 -1.675737e-04
7.295000e+02 7.307342e-01 -1.607892e-04
7.300000e+02 7.297377e-01 -1.540287e-04
7.305000e+02 7.287381e-01 -1.472980e-04
7.310000e+02 7.277356e-01 -1.406033e-04
7.315000e+02 7.267299e-01 -1.339504e-04
7.320000e+02 7.257210e-01 -1.273454e-04
7.325000e+02 7.247088e-01 -1.207943e-04
7.330000e+02 7.236932e-01 -1.143030e-04
7.335000e+02 7.226742e-01 -1.078775e-04
7.340000e+02 7.216517e-01 -1.015239e-04
7.345000e+02 7.206256e-01 -9.524799e-05
7.350000e+02 7.195957e-01 -8.905591e-05
7.355000e+02 7.185621e-01 -8.295360e-05
7.360000e+02 7.175246e-01 -7.694704e-05
7.365000e+02 7.164832e-01 -7.104221e-05
7.370000e+02 7.154377e-01 -6.524510e-05
7.375000e+02 7.143882e-01 -5.956170e-05
7.380000e+02 7.133345e-01 -5.399799e-05
7.385000e+02 7.122764e-01 -4.855996e-05
7.390000e+02 7.112141e-01 -4.325358e-05
7.395000e+02 7.101473e-01 -3.808485e-05
7.400000e+02 7.090760e-01 -3.305976e-05
7.405000e+02 7.080001e-01 -2.818206e-05
7.410000e+02 7.069198e-01 -2.344672e-05
7.415000e+02 7.058352e-01 -1.884647e-05
7.420000e+02 7.047464e-01 -1.437404e-05
7.425000e+02 7.036536e-01 -1.002217e-05
7.430000e+02 7.025569e-01 -5.783593e-06
7.435000e+02 7.014565e-01 -1.651047e-06
7.440000e+02 7.003526e-01 2.382732e-06
7.445000e+02 6.992452e-01 6.325008e-06
7.450000e+02 6.981345e-01 1.018305e-05
7.455000e+02 6.970206e-01 1.396411e-05
7.460000e+02 6.959038e-01 1.767546e-05
7.465000e+02 6.947841e-01 2.132437e-05
7.470000e+02 6.936617e-01 2.491810e-05
7.475000e+02 6.925368e-01 2.846390e-05
7.480000e+02 6.914094e-01 3.196906e-05
7.485000e+02 6.902798e-01 3.544082e-05
7.490000e+02 6.891480e-01 3.888646e-05
7.495000e+02 6.880143e-01 4.231324e-05
7.500000e+02 6.868787e-01 4.572841e-05
7.505000e+02 6.857414e-01 4.913926e-05
7.510000e+02 6.846026e-01 5.255304e-05
7.515000e+02 6.834624e-01 5.597701e-05
7.520000e+02 6.823210e-01 5.941844e-05
7.525000e+02 6.811784e-01 6.288459e-05
7.530000e+02 6.800349e-01 6.638273e-05
7.535000e+02 6.788905e-01 6.992012e-05
7.540000e+02 6.777455e-01 7.350403e-05
7.545000e+02 6.766000e-01 7.714171e-05
7.550000e+02 6.754541e-01 8.084044e-05
7.555000e+02 6.743079e-01 8.460748e-05
7.560000e+02 6.731617e-01 8.845009e-05
7.565000e+02 6.720155e-01 9.237553e-05
7.570000e+02 6.708696e-01 9.639107e-05
7.575000e+02 6.697239e-01 1.005040e-04
7.580000e+02 6.685788e-01 1.047215e-04
7.585000e+02 6.674343e-01 1.090509e-04
7.590000e+02 6.662906e-01 1.134995e-04
7.595000e+02 6.651478e-01 1.180745e-04
7.600000e+02 6.640061e-01 1.227832e-04
7.605000e+02 6.628656e-01 1.276311e-04
7.610000e+02 6.617260e-01 1.326169e-04
7.615000e+02 6.605870e-01 1.377374e-04
7.620000e+02 6.594484e-01 1.429895e-04
7.625000e+02 6.583099e-01 1.483701e-04
7.630000e+02 6.571712e-01 1.538762e-04
7.635000e+02 6.560321e-01 1.595045e-04
7.640000e+02 6.548922e-01 1.652521e-04
7.645000e+02 6.537512e-01 1.711158e-04
7.650000e+02 6.526089e-01 1.770924e-04
7.655000e+02 6.514651e-01 1.831790e-04
7.660000e+02 6.503193e-01 1.893723e-04
7.665000e+02 6.491713e-01 1.956693e-04
7.670000e+02 6.480210e-01 2.020668e-04
7.675000e+02 6.468678e-01 2.085618e-04
7.680000e+02 6.457117e-01 2.151512e-04
7.685000e+02 6.445523e-01 2.218318e-04
7.690000e+02 6.433893e-01 2.286005e-04
7.695000e+02 6.422224e-01 2.354543e-04
7.700000e+02 6.410513e-01 2.423900e-04
7.705000e+02 6.398759e-01 2.494045e-04
7.710000e+02 6.386957e-01 2.564948e-04
7.715000e+02 6.375106e-01 2.636576e-04
7.720000e+02 6.363201e-01 2.708900e-04
7.725000e+02 6.351241e-01 2.781887e-04
7.730000e+02 6.339223e-01 2.855507e-04
7.735000e+02 6.327143e-01 2.929729e-04
7.740000e+02 6.315000e-01 3.004522e-04
7.745000e+02 6.302789e-01 3.079854e-04
7.750000e+02 6.290509e-01 3.155695e-04
7.755000e+02 6.278156e-01 3.232014e-04
7.760000e+02 6.265728e-01 3.308779e-04
7.765000e+02 6.253222e-01 3.385960e-04
7.770000e+02 6.240635e-01 3.463525e-04
7.775000e+02 6.227964e-01 3.541443e-04
7.780000e+02 6.215206e-01 3.619683e-04
7.785000e+02 6.202358e-01 3.698215e-04
7.790000e+02 6.189419e-01 3.777006e-04
7.795000e+02 6.176384e-01 3.856027e-04
7.800000e+02 6.163252e-01 3.935245e-04
7.805000e+02 6.150019e-01 4.014631e-04
7.810000e+02 6.136690e-01 4.094149e-04
7.815000e+02 6.123268e-01 4.173766e-04
7.820000e+02 6.109756e-01 4.253449e-04
7.825000e+02 6.096159e-01 4.333163e-04
7.830000e+02 6.082480e-01 4.412876e-04
7.835000e+02 6.068723e-01 4.492552e-04
7.840000e+02 6.054893e-01 4.572158e-04
7.845000e+02 6.040992e-01 4.651661e-04
7.850000e+02 6.027025e-01 4.731026e-04
7.855000e+02 6.012995e-01 4.810220e-04
7.860000e+02 5.998907e-01 4.889209e-04
7.865000e+02 5.984764e-01 4.967959e-04
7.870000e+02 5.970569e-01 5.046436e-04
7.875000e+02 5.956328e-01 5.124607e-04
7.880000e+02 5.942043e-01 5.202437e-04
7.885000e+02 5.927719e-01 5.279893e-04
7.890000e+02 5.913359e-01 5.356941e-04
7.895000e+02 5.898967e-01 5.433547e-04
7.900000e+02 5.884547e-01 5.509678e-04
7.905000e+02 5.870103e-01 5.585298e-04
7.910000e+02 5.855638e-01 5.660376e-04
7.915000e+02 5.841157e-01 5.734877e-04
7.920000e+02 5.826663e-01 5.808766e-04
7.925000e+02 5.812160e-01 5.882011e-04
7.930000e+02 5.797652e-01 5.954577e-04
7.935000e+02 5.783142e-01 6.026431e-04
7.940000e+02 5.768635e-01 6.097538e-04
7.945000e+02 5.754135e-01 6.167865e-04
7.950000e+02 5.739645e-01 6.237379e-04
7.955000e+02 5.725169e-01 6.306045e-04
7.960000e+02 5.710710e-01 6.373829e-04
7.965000e+02 5.696274e-01 6.440698e-04
7.970000e+02 5.681862e-01 6.506618e-04
7.975000e+02 5.667481e-01 6.571555e-04
7.980000e+02 5.653132e-01 6.635475e-04
7.985000e+02 5.638820e-01 6.698344e-04
7.990000e+02 5.624549e-01 6.760129e-04
7.995000e+02 5.610323e-01 6.820796e-04
8.000000e+02 5.596145e-01 6.880311e-04
8.005000e+02 5.582019e-01 6.938664e-04
8.010000e+02 5.567943e-01 6.995941e-04
8.015000e+02 5.553917e-01 7.052253e-04
8.020000e+02 5.539938e-01 7.107711e-04
8.025000e+02 5.526005e-01 7.162424e-04
8.030000e+02 5.512116e-01 7.216503e-04
8.035000e+02 5.498270e-01 7.270059e-04
8.040000e+02 5.484465e-01 7.323201e-04
8.045000e+02 5.470700e-01 7.376041e-04
8.050000e+02 5.456973e-01 7.428688e-04
8.055000e+02 5.443283e-01 7.481253e-04
8.060000e+02 5.429627e-01 7.533847e-04
8.065000e+02 5.416004e-01 7.586580e-04
8.070000e+02 5.402413e-01 7.639561e-04
8.075000e+02 5.388853e-01 7.692903e-04
8.080000e+02 5.375321e-01 7.746714e-04
8.085000e+02 5.361815e-01 7.801105e-04
8.090000e+02 5.348335e-01 7.856188e-04
8.095000e+02 5.334879e-01 7.912071e-04
8.100000e+02 5.321445e-01 7.968866e-04
8.105000e+02 5.308032e-01 8.026683e-04
8.110000e+02 5.294638e-01 8.085632e-04
8.115000e+02 5.281261e-01 8.145824e-04
8.120000e+02 5.267899e-01 8.207369e-04
8.125000e+02 5.254553e-01 8.270377e-04
8.130000e+02 5.241218e-01 8.334960e-04
8.135000e+02 5.227895e-01 8.401226e-04
8.140000e+02 5.214582e-01 8.469287e-04
8.145000e+02 5.201276e-01 8.539254e-04
8.150000e+02 5.187977e-01 8.611235e-04
8.155000e+02 5.174682e-01 8.685343e-04
8.160000e+02 5.161390e-01 8.761686e-04
8.165000e+02 5.148100e-01 8.840377e-04
8.170000e+02 5.134811e-01 8.921524e-04
8.175000e+02 5.121519e-01 9.005238e-04
8.180000e+02 5.108224e-01 9.091631e-04
8.185000e+02 5.094925e-01 9.180811e-04
8.190000e+02 5.081619e-01 9.272891e-04
8.195000e+02 5.068305e-01 9.367979e-04
8.200000e+02 5.054982e-01 9.466186e-04
8.205000e+02 5.041647e-01 9.567583e-04
8.210000e+02 5.028300e-01 9.672083e-04
8.215000e+02 5.014938e-01 9.779556e-04
8.220000e+02 5.001560e-01 9.889877e-04
8.225000e+02 4.988164e-01 1.000292e-03
8.230000e+02 4.974748e-01 1.011855e-03
8.235000e+02 4.961311e-01 1.023664e-03
8.240000e+02 4.947851e-01 1.035707e-03
8.245000e+02 4.934366e-01 1.047971e-03
8.250000e+02 4.920854e-01 1.060442e-03
8.255000e+02 4.907314e-01 1.073109e-03
8.260000e+02 4.893744e-01 1.085959e-03
8.265000e+02 4.880143e-01 1.098978e-03
8.270000e+02 4.866508e-01 1.112154e-03
8.275000e+02 4.852837e-01 1.125475e-03
8.280000e+02 4.839130e-01 1.138926e-03
8.285000e+02 4.825385e-01 1.152497e-03
8.290000e+02 4.811599e-01 1.166173e-03
8.295000e+02 4.797771e-01 1.179942e-03
8.300000e+02 4.783900e-01 1.193792e-03
8.305000e+02 4.769983e-01 1.207709e-03
8.310000e+02 4.756019e-01 1.221681e-03
8.315000e+02 4.742006e-01 1.235695e-03
8.320000e+02 4.727942e-01 1.249738e-03
8.325000e+02 4.713826e-01 1.263798e-03
8.330000e+02 4.699656e-01 1.277861e-03
8.335000e+02 4.685431e-01 1.291915e-03
8.340000e+02 4.671148e-01 1.305948e-03
8.345000e+02 4.656806e-01 1.319946e-03
8.350000e+02 4.642403e-01 1.333896e-03
8.355000e+02 4.627937e-01 1.347786e-03
8.360000e+02 4.613407e-01 1.361603e-03
8.365000e+02 4.598812e-01 1.375335e-03
8.370000e+02 4.584148e-01 1.388968e-03
8.375000e+02 4.569415e-01 1.402490e-03
8.380000e+02 4.554611e-01 1.415887e-03
8.385000e+02 4.539734e-01 1.429148e-03
8.390000e+02 4.524782e-01 1.442260e-03
8.395000e+02 4.509754e-01 1.455209e-03
8.400000e+02 4.494648e-01 1.467983e-03
8.405000e+02 4.479463e-01 1.480572e-03
8.410000e+02 4.464202e-01 1.492981e-03
8.415000e+02 4.448867e-01 1.505218e-03
8.420000e+02 4.433461e-01 1.517289e-03
8.425000e+02 4.417988e-01 1.529202e-03
8.430000e+02 4.402451e-01 1.540966e-03
8.435000e+02 4.386852e-01 1.552588e-03
8.440000e+02 4.371195e-01 1.564074e-03
8.445000e+02 4.355484e-01 1.575434e-03
8.450000e+02 4.339720e-01 1.586673e-03
8.455000e+02 4.323907e-01 1.597801e-03
8.460000e+02 4.308049e-01 1.608824e-03
8.465000e+02 4.292148e-01 1.619751e-03
8.470000e+02 4.276207e-01 1.630588e-03
8.475000e+02 4.260230e-01 1.641343e-03
8.480000e+02 4.244220e-01 1.652024e-03
8.485000e+02 4.228178e-01 1.662639e-03
8.490000e+02 4.212110e-01 1.673195e-03
8.495000e+02 4.196018e-01 1.683699e-03
8.500000e+02 4.179904e-01 1.694159e-03
8.505000e+02 4.163772e-01 1.704584e-03
8.510000e+02 4.147626e-01 1.714980e-03
8.515000e+02 4.131467e-01 1.725354e-03
8.520000e+02 4.115300e-01 1.735715e-03
8.525000e+02 4.099127e-01 1.746071e-03
8.530000e+02 4.082952e-01 1.756428e-03
8.535000e+02 4.066777e-01 1.766794e-03
8.540000e+02 4.050606e-01 1.777178e-03
8.545000e+02 4.034441e-01 1.787585e-03
8.550000e+02 4.018286e-01 1.798025e-03
8.555000e+02 4.002144e-01 1.808505e-03
8.560000e+02 3.986018e-01 1.819031e-03
8.565000e+02 3.969910e-01 1.829613e-03
8.570000e+02 3.953825e-01 1.840257e-03
8.575000e+02 3.937765e-01 1.850970e-03
8.580000e+02 3.921734e-01 1.861762e-03
8.585000e+02 3.905733e-01 1.872638e-03
8.590000e+02 3.889768e-01 1.883608e-03
8.595000e+02 3.873839e-01 1.894677e-03
8.600000e+02 3.857951e-01 1.905855e-03
8.605000e+02 3.842107e-01 1.917146e-03
8.610000e+02 3.826305e-01 1.928548e-03
8.615000e+02 3.810545e-01 1.940058e-03
8.620000e+02 3.794825e-01 1.951671e-03
8.625000e+02 3.779146e-01 1.963384e-03
8.630000e+02 3.763506e-01 1.975192e-03
8.635000e+02 3.747904e-01 1.987092e-03
8.640000e+02 3.732340e-01 1.999079e-03
8.645000e+02 3.716811e-01 2.011149e-03
8.650000e+02 3.701318e-01 2.023299e-03
8.655000e+02 3.685860e-01 2.035524e-03
8.660000e+02 3.670435e-01 2.047820e-03
8.665000e+02 3.655042e-01 2.060184e-03
8.670000e+02 3.639682e-01 2.072610e-03
8.675000e+02 3.624352e-01 2.085096e-03
8.680000e+02 3.609052e-01 2.097638e-03
8.685000e+02 3.593781e-01 2.110230e-03
8.690000e+02 3.578538e-01 2.122870e-03
8.695000e+02 3.563322e-01 2.135553e-03
8.700000e+02 3.548132e-01 2.148276e-03
8.705000e+02 3.532968e-01 2.161033e-03
8.710000e+02 3.517828e-01 2.173821e-03
8.715000e+02 3.502711e-01 2.186637e-03
8.720000e+02 3.487617e-01 2.199476e-03
8.725000e+02 3.472544e-01 2.212334e-03
8.730000e+02 3.457492e-01 2.225207e-03
8.735000e+02 3.442460e-01 2.238091e-03
8.740000e+02 3.427447e-01 2.250982e-03
8.745000e+02 3.412451e-01 2.263877e-03
8.750000e+02 3.397473e-01 2.276770e-03
8.755000e+02 3.382510e-01 2.289658e-03
8.760000e+02 3.367563e-01 2.302538e-03
8.765000e+02 3.352629e-01 2.315404e-03
8.770000e+02 3.337710e-01 2.328253e-03
8.775000e+02 3.322802e-01 2.341081e-03
8.780000e+02 3.307906e-01 2.353885e-03
8.785000e+02 3.293020e-01 2.366659e-03
8.790000e+02 3.278144e-01 2.379400e-03
8.795000e+02 3.263277e-01 2.392104e-03
8.800000e+02 3.248417e-01 2.404767e-03
8.805000e+02 3.233565e-01 2.417385e-03
8.810000e+02 3.218720e-01 2.429959e-03
8.815000e+02 3.203884e-01 2.442487e-03
8.820000e+02 3.189058e-01 2.454971e-03
8.825000e+02 3.174242e-01 2.467409e-03
8.830000e+02 3.159438e-01 2.479803e-03
8.835000e+02 3.144647e-01 2.492153e-03
8.840000e+02 3.129869e-01 2.504458e-03
8.845000e+02 3.115105e-01 2.516719e-03
8.850000e+02 3.100357e-01 2.528935e-03
8.855000e+02 3.085626e-01 2.541107e-03
8.860000e+02 3.070912e-01 2.553235e-03
8.865000e+02 3.056216e-01 2.565318e-03
8.870000e+02 3.041540e-01 2.577358e-03
8.875000e+02 3.026884e-01 2.589354e-03
8.880000e+02 3.012249e-01 2.601306e-03
8.885000e+02 2.997636e-01 2.613215e-03
8.890000e+02 2.983046e-01 2.625079e-03
8.895000e+02 2.968481e-01 2.636901e-03
8.900000e+02 2.953940e-01 2.648678e-03
8.905000e+02 2.939426e-01 2.660413e-03
8.910000e+02 2.924938e-01 2.672104e-03
8.915000e+02 2.910479e-01 2.683752e-03
8.920000e+02 2.896048e-01 2.695357e-03
8.925000e+02 2.881647e-01 2.706918e-03
8.930000e+02 2.867278e-01 2.718437e-03
8.935000e+02 2.852939e-01 2.729913e-03
8.940000e+02 2.838634e-01 2.741347e-03
8.945000e+02 2.824362e-01 2.752737e-03
8.950000e+02 2.810125e-01 2.764085e-03
8.955000e+02 2.795924e-01 2.775391e-03
8.960000e+02 2.781759e-01 2.786654e-03
8.965000e+02 2.767632e-01 2.797875e-03
8.970000e+02 2.753543e-01 2.809054e-03
8.975000e+02 2.739493e-01 2.820190e-03
8.980000e+02 2.725484e-01 2.831285e-03
8.985000e+02 2.711517e-01 2.842338e-03
8.990000e+02 2.697592e-01 2.853348e-03
8.995000e+02 2.683710e-01 2.864317e-03
9.000000e+02 2.669872e-01 2.875244e-03
9.005000e+02 2.656079e-01 2.886132e-03
9.010000e+02 2.642329e-01 2.896989e-03
9.015000e+02 2.628620e-01 2.907826e-03
9.020000e+02 2.614951e-01 2.918655e-03
9.025000e+02 2.601318e-01 2.929486e-03
9.030000e+02 2.587719e-01 2.940331e-03
9.035000e+02 2.574154e-01 2.951200e-03
9.040000e+02 2.560618e-01 2.962105e-03
9.045000e+02 2.547112e-01 2.973057e-03
9.050000e+02 2.533631e-01 2.984066e-03
9.055000e+02 2.520175e-01 2.995144e-03
9.060000e+02 2.506741e-01 3.006301e-03
9.065000e+02 2.493327e-01 3.017549e-03
9.070000e+02 2.479931e-01 3.028899e-03
9.075000e+02 2.466551e-01 3.040362e-03
9.080000e+02 2.453185e-01 3.051948e-03
9.085000e+02 2.439830e-01 3.063670e-03
9.090000e+02 2.426485e-01 3.075537e-03
9.095000e+02 2.413148e-01 3.087561e-03
9.100000e+02 2.399816e-01 3.099752e-03
9.105000e+02 2.386487e-01 3.112123e-03
9.110000e+02 2.373159e-01 3.124684e-03
9.115000e+02 2.359830e-01 3.137445e-03
9.120000e+02 2.346499e-01 3.150419e-03
9.125000e+02 2.333162e-01 3.163615e-03
9.130000e+02 2.319818e-01 3.177046e-03
9.135000e+02 2.306465e-01 3.190721e-03
9.140000e+02 2.293100e-01 3.204653e-03
9.145000e+02 2.279722e-01 3.218852e-03
9.150000e+02 2.266328e-01 3.233329e-03
9.155000e+02 2.252917e-01 3.248095e-03
9.160000e+02 2.239485e-01 3.263161e-03
9.165000e+02 2.226032e-01 3.278538e-03
9.170000e+02 2.212555e-01 3.294238e-03
9.175000e+02 2.199052e-01 3.310271e-03
9.180000e+02 2.185521e-01 3.326648e-03
9.185000e+02 2.171959e-01 3.343381e-03
9.190000e+02 2.158365e-01 3.360480e-03
9.195000e+02 2.144737e-01 3.377956e-03
9.200000e+02 2.131072e-01 3.395820e-03
9.205000e+02 2.117369e-01 3.414080e-03
9.210000e+02 2.103632e-01 3.432725e-03
9.215000e+02 2.089864e-01 3.451742e-03
9.220000e+02 2.076070e-01 3.471117e-03
9.225000e+02 2.062254e-01 3.490836e-03
9.230000e+02 2.048418e-01 3.510884e-03
9.235000e+02 2.034569e-01 3.531249e-03
9.240000e+02 2.020710e-01 3.551917e-03
9.245000e+02 2.006844e-01 3.572872e-03
9.250000e+02 1.992976e-01 3.594102e-03
9.255000e+02 1.979110e-01 3.615593e-03
9.260000e+02 1.965250e-01 3.637331e-03
9.265000e+02 1.951399e-01 3.659301e-03
9.270000e+02 1.937563e-01 3.681491e-03
9.275000e+02 1.923745e-01 3.703885e-03
9.280000e+02 1.909950e-01 3.726472e-03
9.285000e+02 1.896180e-01 3.749235e-03
9.290000e+02 1.882441e-01 3.772162e-03
9.295000e+02 1.868736e-01 3.795239e-03
9.300000e+02 1.855070e-01 3.818451e-03
9.305000e+02 1.841446e-01 3.841786e-03
9.310000e+02 1.827868e-01 3.865228e-03
9.315000e+02 1.814341e-01 3.888765e-03
9.320000e+02 1.800869e-01 3.912382e-03
9.325000e+02 1.787455e-01 3.936066e-03
9.330000e+02 1.774104e-01 3.959802e-03
9.335000e+02 1.760820e-01 3.983577e-03
9.340000e+02 1.747607e-01 4.007376e-03
9.345000e+02 1.734468e-01 4.031187e-03
9.350000e+02 1.721409e-01 4.054995e-03
9.355000e+02 1.708432e-01 4.078786e-03
9.360000e+02 1.695543e-01 4.102546e-03
9.365000e+02 1.682745e-01 4.126262e-03
9.370000e+02 1.670042e-01 4.149919e-03
9.375000e+02 1.657438e-01 4.173504e-03
9.380000e+02 1.644937e-01 4.197003e-03
9.385000e+02 1.632544e-01 4.220402e-03
9.390000e+02 1.620262e-01 4.243687e-03
9.395000e+02 1.608096e-01 4.266844e-03
9.400000e+02 1.596049e-01 4.289859e-03
9.405000e+02 1.584124e-01 4.312722e-03
9.410000e+02 1.572321e-01 4.335434e-03
9.415000e+02 1.560637e-01 4.357997e-03
9.420000e+02 1.549069e-01 4.380416e-03
9.425000e+02 1.537616e-01 4.402694e-03
9.430000e+02 1.526275e-01 4.424836e-03
9.435000e+02 1.515043e-01 4.446845e-03
9.440000e+02 1.503918e-01 4.468725e-03
9.445000e+02 1.492899e-01 4.490479e-03
9.450000e+02 1.481982e-01 4.512112e-03
9.455000e+02 1.471165e-01 4.533627e-03
9.460000e+02 1.460447e-01 4.555028e-03
9.465000e+02 1.449824e-01 4.576318e-03
9.470000e+02 1.439295e-01 4.597502e-03
9.475000e+02 1.428856e-01 4.618583e-03
9.480000e+02 1.418506e-01 4.639565e-03
9.485000e+02 1.408243e-01 4.660452e-03
9.490000e+02 1.398064e-01 4.681247e-03
9.495000e+02 1.387966e-01 4.701955e-03
9.500000e+02 1.377948e-01 4.722578e-03
9.505000e+02 1.368007e-01 4.743122e-03
9.510000e+02 1.358141e-01 4.763588e-03
9.515000e+02 1.348347e-01 4.783983e-03
9.520000e+02 1.338623e-01 4.804308e-03
9.525000e+02 1.328968e-01 4.824568e-03
9.530000e+02 1.319377e-01 4.844767e-03
9.535000e+02 1.309850e-01 4.864908e-03
9.540000e+02 1.300384e-01 4.884995e-03
9.545000e+02 1.290976e-01 4.905032e-03
9.550000e+02 1.281624e-01 4.925023e-03
9.555000e+02 1.272326e-01 4.944972e-03
9.560000e+02 1.263080e-01 4.964881e-03
9.565000e+02 1.253883e-01 4.984756e-03
9.570000e+02 1.244733e-01 5.004599e-03
9.575000e+02 1.235627e-01 5.024414e-03
9.580000e+02 1.226564e-01 5.044206e-03
9.585000e+02 1.217541e-01 5.063978e-03
9.590000e+02 1.208555e-01 5.083734e-03
9.595000e+02 1.199604e-01 5.103478e-03
9.600000e+02 1.190687e-01 5.123212e-03
9.605000e+02 1.181800e-01 5.142946e-03
9.610000e+02 1.172944e-01 5.162705e-03
9.615000e+02 1.164119e-01 5.182518e-03
9.620000e+02 1.155323e-01 5.202415e-03
9.625000e+02 1.146558e-01 5.222425e-03
9.630000e+02 1.137823e-01 5.242578e-03
9.635000e+02 1.129117e-01 5.262903e-03
9.640000e+02 1.120442e-01 5.283431e-03
9.645000e+02 1.111796e-01 5.304190e-03
9.650000e+02 1.103180e-01 5.325210e-03
9.655000e+02 1.094593e-01 5.346521e-03
9.660000e+02 1.086035e-01 5.368152e-03
9.665000e+02 1.077506e-01 5.390133e-03
9.670000e+02 1.069007e-01 5.412493e-03
9.675000e+02 1.060536e-01 5.435262e-03
9.680000e+02 1.052094e-01 5.458470e-03
9.685000e+02 1.043681e-01 5.482146e-03
9.690000e+02 1.035297e-01 5.506319e-03
9.695000e+02 1.026941e-01 5.531020e-03
9.700000e+02 1.018613e-01 5.556277e-03
9.705000e+02 1.010313e-01 5.582121e-03
9.710000e+02 1.002041e-01 5.608580e-03
9.715000e+02 9.937977e-02 5.635685e-03
9.720000e+02 9.855818e-02 5.663465e-03
9.725000e+02 9.773936e-02 5.691949e-03
9.730000e+02 9.692329e-02 5.721168e-03
9.735000e+02 9.610997e-02 5.751150e-03
9.740000e+02 9.529937e-02 5.781925e-03
9.745000e+02 9.449150e-02 5.813524e-03
9.750000e+02 9.368633e-02 5.845974e-03
9.755000e+02 9.288386e-02 5.879307e-03
9.760000e+02 9.208407e-02 5.913550e-03
9.765000e+02 9.128695e-02 5.948735e-03
9.770000e+02 9.049249e-02 5.984891e-03
9.775000e+02 8.970067e-02 6.022046e-03
9.780000e+02 8.891149e-02 6.060232e-03
9.785000e+02 8.812492e-02 6.099476e-03
9.790000e+02 8.734096e-02 6.139810e-03
9.795000e+02 8.655960e-02 6.181262e-03
9.800000e+02 8.578083e-02 6.223861e-03
9.805000e+02 8.500463e-02 6.267626e-03
9.810000e+02 8.423103e-02 6.312519e-03
9.815000e+02 8.346006e-02 6.358493e-03
9.820000e+02 8.269174e-02 6.405500e-03
9.825000e+02 8.192611e-02 6.453491e-03
9.830000e+02 8.116319e-02 6.502418e-03
9.835000e+02 8.040301e-02 6.552233e-03
9.840000e+02 7.964560e-02 6.602887e-03
9.845000e+02 7.889098e-02 6.654331e-03
9.850000e+02 7.813919e-02 6.706519e-03
9.855000e+02 7.739026e-02 6.759400e-03
9.860000e+02 7.664420e-02 6.812928e-03
9.865000e+02 7.590105e-02 6.867053e-03
9.870000e+02 7.516084e-02 6.921728e-03
9.875000e+02 7.442359e-02 6.976904e-03
9.880000e+02 7.368934e-02 7.032532e-03
9.885000e+02 7.295811e-02 7.088565e-03
9.890000e+02 7.222993e-02 7.144954e-03
9.895000e+02 7.150482e-02 7.201650e-03
9.900000e+02 7.078282e-02 7.258606e-03
9.905000e+02 7.006396e-02 7.315774e-03
9.910000e+02 6.934826e-02 7.373103e-03
9.915000e+02 6.863574e-02 7.430548e-03
9.920000e+02 6.792645e-02 7.488058e-03
9.925000e+02 6.722040e-02 7.545587e-03
9.930000e+02 6.651763e-02 7.603084e-03
9.935000e+02 6.581816e-02 7.660504e-03
9.940000e+02 6.512202e-02 7.717795e-03
9.945000e+02 6.442924e-02 7.774912e-03
9.950000e+02 6.373985e-02 7.831804e-03
9.955000e+02 6.305387e-02 7.888425e-03
9.960000e+02 6.237134e-02 7.944725e-03
9.965000e+02 6.169227e-02 8.000656e-03
9.970000e+02 6.101671e-02 8.056171e-03
9.975000e+02 6.034468e-02 8.111220e-03
9.980000e+02 5.967620e-02 8.165755e-03
9.985000e+02 5.901130e-02 8.219728e-03
9.990000e+02 5.835002e-02 8.273091e-03
9.995000e+02 5.769238e-02 8.325795e-03
1.000000e+03 5.703840e-02 8.377792e-03
1.000500e+03 5.638812e-02 8.429047e-03
1.001000e+03 5.574157e-02 8.479570e-03
1.001500e+03 5.509876e-02 8.529387e-03
1.002000e+03 5.445973e-02 8.578523e-03
1.002500e+03 5.382450e-02 8.627001e-03
1.003000e+03 5.319310e-02 8.674847e-03
1.003500e+03 5.256555e-02 8.722085e-03
1.004000e+03 5.194188e-02 8.768739e-03
1.004500e+03 5.132211e-02 8.814835e-03
1.005000e+03 5.070628e-02 8.860396e-03
1.005500e+03 5.009440e-02 8.905447e-03
1.006000e+03 4.948651e-02 8.950014e-03
1.006500e+03 4.888263e-02 8.994119e-03
1.007000e+03 4.828279e-02 9.037789e-03
1.007500e+03 4.768700e-02 9.081047e-03
1.008000e+03 4.709531e-02 9.123918e-03
1.008500e+03 4.650773e-02 9.166426e-03
1.009000e+03 4.592429e-02 9.208596e-03
1.009500e+03 4.534502e-02 9.250454e-03
1.010000e+03 4.476994e-02 9.292022e-03
1.010500e+03 4.419908e-02 9.333326e-03
1.011000e+03 4.363247e-02 9.374390e-03
1.011500e+03 4.307012e-02 9.415240e-03
1.012000e+03 4.251208e-02 9.455898e-03
1.012500e+03 4.195836e-02 9.496391e-03
1.013000e+03 4.140898e-02 9.536742e-03
1.013500e+03 4.086399e-02 9.576976e-03
1.014000e+03 4.032339e-02 9.617118e-03
1.014500e+03 3.978722e-02 9.657192e-03
1.015000e+03 3.925551e-02 9.697222e-03
1.015500e+03 3.872828e-02 9.737234e-03
1.016000e+03 3.820555e-02 9.777252e-03
1.016500e+03 3.768736e-02 9.817300e-03
1.017000e+03 3.717373e-02 9.857403e-03
1.017500e+03 3.666468e-02 9.897586e-03
1.018000e+03 3.616024e-02 9.937872e-03
1.018500e+03 3.566044e-02 9.978288e-03
1.019000e+03 3.516530e-02 1.001886e-02
1.019500e+03 3.467485e-02 1.005960e-02
1.020000e+03 3.418911e-02 1.010055e-02
1.020500e+03 3.370812e-02 1.014172e-02
1.021000e+03 3.323187e-02 1.018311e-02
1.021500e+03 3.276038e-02 1.022471e-02
1.022000e+03 3.229365e-02 1.026652e-02
1.022500e+03 3.183169e-02 1.030853e-02
1.023000e+03 3.137450e-02 1.035073e-02
1.023500e+03 3.092209e-02 1.039311e-02
1.024000e+03 3.047448e-02 1.043567e-02
1.024500e+03 3.003166e-02 1.047841e-02
1.025000e+03 2.959364e-02 1.052131e-02
1.025500e+03 2.916043e-02 1.056436e-02
1.026000e+03 2.873203e-02 1.060757e-02
1.026500e+03 2.830846e-02 1.065092e-02
1.027000e+03 2.788971e-02 1.069440e-02
1.027500e+03 2.747580e-02 1.073802e-02
1.028000e+03 2.706674e-02 1.078175e-02
1.028500e+03 2.666252e-02 1.082560e-02
1.029000e+03 2.626315e-02 1.086957e-02
1.029500e+03 2.586865e-02 1.091363e-02
1.030000e+03 2.547902e-02 1.095779e-02
1.030500e+03 2.509427e-02 1.100203e-02
1.031000e+03 2.471439e-02 1.104636e-02
1.031500e+03 2.433941e-02 1.109076e-02
1.032000e+03 2.396932e-02 1.113522e-02
1.032500e+03 2.360413e-02 1.117975e-02
1.033000e+03 2.324386e-02 1.122433e-02
1.033500e+03 2.288850e-02 1.126895e-02
1.034000e+03 2.253806e-02 1.131362e-02
1.034500e+03 2.219255e-02 1.135831e-02
1.035000e+03 2.185198e-02 1.140304e-02
1.035500e+03 2.151635e-02 1.144778e-02
1.036000e+03 2.118567e-02 1.149253e-02
1.036500e+03 2.085994e-02 1.153728e-02
1.037000e+03 2.053918e-02 1.158203e-02
1.037500e+03 2.022339e-02 1.162678e-02
1.038000e+03 1.991257e-02 1.167150e-02
1.038500e+03 1.960674e-02 1.171620e-02
1.039000e+03 1.930590e-02 1.176088e-02
1.039500e+03 1.901005e-02 1.180551e-02
1.040000e+03 1.871921e-02 1.185010e-02
1.040500e+03 1.843336e-02 1.189464e-02
1.041000e+03 1.815245e-02 1.193913e-02
1.041500e+03 1.787641e-02 1.198356e-02
1.042000e+03 1.760515e-02 1.202793e-02
1.042500e+03 1.733862e-02 1.207225e-02
1.043000e+03 1.707673e-02 1.211650e-02
1.043500e+03 1.681942e-02 1.216069e-02
1.044000e+03 1.656661e-02 1.220481e-02
1.044500e+03 1.631822e-02 1.224887e-02
1.045000e+03 1.607420e-02 1.229286e-02
1.045500e+03 1.583446e-02 1.233678e-02
1.046000e+03 1.559892e-02 1.238063e-02
1.046500e+03 1.536753e-02 1.242440e-02
1.047000e+03 1.514020e-02 1.246809e-02
1.047500e+03 1.491687e-02 1.251171e-02
1.048000e+03 1.469746e-02 1.255525e-02
1.048500e+03 1.448189e-02 1.259870e-02
1.049000e+03 1.427010e-02 1.264207e-02
1.049500e+03 1.406201e-02 1.268535e-02
1.050000e+03 1.385756e-02 1.272855e-02
1.050500e+03 1.365666e-02 1.277165e-02
1.051000e+03 1.345924e-02 1.281467e-02
1.051500e+03 1.326524e-02 1.285758e-02
1.052000e+03 1.307458e-02 1.290041e-02
1.052500e+03 1.288718e-02 1.294313e-02
1.053000e+03 1.270298e-02 1.298576e-02
1.053500e+03 1.252190e-02 1.302828e-02
1.054000e+03 1.234387e-02 1.307070e-02
1.054500e+03 1.216882e-02 1.311302e-02
1.055000e+03 1.199667e-02 1.315522e-02
1.055500e+03 1.182735e-02 1.319732e-02
1.056000e+03 1.166079e-02 1.323931e-02
1.056500e+03 1.149692e-02 1.328118e-02
1.057000e+03 1.133566e-02 1.332294e-02
1.057500e+03 1.117694e-02 1.336458e-02
1.058000e+03 1.102069e-02 1.340610e-02
1.058500e+03 1.086684e-02 1.344750e-02
1.059000e+03 1.071531e-02 1.348877e-02
1.059500e+03 1.056602e-02 1.352992e-02
1.060000e+03 1.041892e-02 1.357095e-02
1.060500e+03 1.027393e-02 1.361185e-02
1.061000e+03 1.013102e-02 1.365265e-02
1.061500e+03 9.990149e-03 1.369338e-02
1.062000e+03 9.851298e-03 1.373406e-02
1.062500e+03 9.714435e-03 1.377472e-02
1.063000e+03 9.579531e-03 1.381539e-02
1.063500e+03 9.446557e-03 1.385609e-02
1.064000e+03 9.315482e-03 1.389686e-02
1.064500e+03 9.186278e-03 1.393773e-02
1.065000e+03 9.058916e-03 1.397871e-02
1.065500e+03 8.933366e-03 1.401984e-02
1.066000e+03 8.809598e-03 1.406114e-02
1.066500e+03 8.687584e-03 1.410265e-02
1.067000e+03 8.567295e-03 1.414438e-02
1.067500e+03 8.448700e-03 1.418637e-02
1.068000e+03 8.331770e-03 1.422865e-02
1.068500e+03 8.216477e-03 1.427124e-02
1.069000e+03 8.102791e-03 1.431417e-02
1.069500e+03 7.990682e-03 1.435747e-02
1.070000e+03 7.880121e-03 1.440116e-02
1.070500e+03 7.771080e-03 1.444527e-02
1.071000e+03 7.663528e-03 1.448983e-02
1.071500e+03 7.557436e-03 1.453488e-02
1.072000e+03 7.452776e-03 1.458042e-02
1.072500e+03 7.349517e-03 1.462650e-02
1.073000e+03 7.247631e-03 1.467314e-02
1.073500e+03 7.147087e-03 1.472037e-02
1.074000e+03 7.047858e-03 1.476821e-02
1.074500e+03 6.949912e-03 1.481670e-02
1.075000e+03 6.853222e-03 1.486586e-02
1.075500e+03 6.757758e-03 1.491572e-02
1.076000e+03 6.663490e-03 1.496630e-02
1.076500e+03 6.570390e-03 1.501763e-02
1.077000e+03 6.478427e-03 1.506975e-02
1.077500e+03 6.387573e-03 1.512267e-02
1.078000e+03 6.297798e-03 1.517643e-02
1.078500e+03 6.209073e-03 1.523106e-02
1.079000e+03 6.121368e-03 1.528657e-02
1.079500e+03 6.034655e-03 1.534301e-02
1.080000e+03 5.948904e-03 1.540039e-02
1.080500e+03 5.864089e-03 1.545874e-02
1.081000e+03 5.780193e-03 1.551811e-02
1.081500e+03 5.697205e-03 1.557851e-02
1.082000e+03 5.615113e-03 1.563999e-02
1.082500e+03 5.533903e-03 1.570259e-02
1.083000e+03 5.453563e-03 1.576632e-02
1.083500e+03 5.374081e-03 1.583124e-02
1.084000e+03 5.295444e-03 1.589736e-02
1.084500e+03 5.217640e-03 1.596473e-02
1.085000e+03 5.140656e-03 1.603339e-02
1.085500e+03 5.064480e-03 1.610335e-02
1.086000e+03 4.989099e-03 1.617467e-02
1.086500e+03 4.914501e-03 1.624736e-02
1.087000e+03 4.840674e-03 1.632148e-02
1.087500e+03 4.767604e-03 1.639704e-02
1.088000e+03 4.695279e-03 1.647409e-02
1.088500e+03 4.623688e-03 1.655265e-02
1.089000e+03 4.552816e-03 1.663277e-02
1.089500e+03 4.482653e-03 1.671448e-02
1.090000e+03 4.413185e-03 1.679780e-02
1.090500e+03 4.344399e-03 1.688278e-02
1.091000e+03 4.276284e-03 1.696945e-02
1.091500e+03 4.208827e-03 1.705784e-02
1.092000e+03 4.142016e-03 1.714798e-02
1.092500e+03 4.075837e-03 1.723992e-02
1.093000e+03 4.010279e-03 1.733368e-02
1.093500e+03 3.945328e-03 1.742930e-02
1.094000e+03 3.880974e-03 1.752681e-02
1.094500e+03 3.817202e-03 1.762625e-02
1.095000e+03 3.754000e-03 1.772765e-02
1.095500e+03 3.691357e-03 1.783104e-02
1.096000e+03 3.629259e-03 1.793646e-02
1.096500e+03 3.567694e-03 1.804395e-02
1.097000e+03 3.506649e-03 1.815353e-02
1.097500e+03 3.446113e-03 1.826524e-02
1.098000e+03 3.386072e-03 1.837911e-02
1.098500e+03 3.326514e-03 1.849519e-02
1.099000e+03 3.267426e-03 1.861350e-02
1.099500e+03 3.208797e-03 1.873407e-02
1.100000e+03 3.150613e-03 1.885695e-02
