316.0 0.0
348.897 19.8675
350.551 21.6887
353.86 23.0132
355.515 24.5033
358.824 25.6623
360.478 27.3179
362.132 28.6424
365.441 29.9669
367.096 31.6225
368.75 32.6159
372.059 33.9404
377.022 37.5828
385.294 43.0464
395.221 49.6689
410.11 59.9338
421.691 66.0596
439.89 73.8411
458.088 81.2914
474.632 86.4238
492.831 89.2384
517.647 91.3907
562.316 92.5497
597.059 92.3841
631.801 91.5563
666.544 89.7351
696.324 87.0861
736.029 82.2848
759.191 78.1457
797.243 70.6954
828.676 62.7483
858.456 54.3046
876.654 48.6755
899.816 41.7219
919.669 36.2583
947.794 28.3113
970.956 22.1854
999.081 14.9007
1020.59 9.93377
1065.26 2.64901
