#lambda(Angstrom)  OpticalThroughput(%) QE(%)
  4000.000    61.571    55.953
  4007.007    61.979    56.502
  4014.014    62.374    57.052
  4021.021    62.766    57.601
  4028.028    63.176    58.151
  4035.035    63.495    58.700
  4042.042    63.809    59.249
  4049.049    64.180    59.799
  4056.056    64.384    60.348
  4063.063    64.533    60.898
  4070.070    64.715    61.453
  4077.077    64.953    62.020
  4084.084    65.241    62.586
  4091.091    65.555    63.153
  4098.098    65.854    63.720
  4105.105    66.058    64.287
  4112.112    66.248    64.854
  4119.119    66.496    65.421
  4126.126    66.676    65.988
  4133.133    66.828    66.554
  4140.140    67.019    67.121
  4147.147    67.369    67.688
  4154.154    67.635    68.211
  4161.161    67.820    68.602
  4168.168    68.043    68.993
  4175.175    68.196    69.384
  4182.182    68.420    69.775
  4189.189    68.795    70.167
  4196.196    69.030    70.558
  4203.203    69.226    70.949
  4210.210    69.440    71.340
  4217.217    69.657    71.731
  4224.224    69.950    72.122
  4231.231    70.259    72.513
  4238.238    70.474    72.905
  4245.245    70.750    73.296
  4252.252    71.065    73.687
  4259.259    71.380    74.078
  4266.266    71.691    74.469
  4273.273    71.925    74.860
  4280.280    72.113    75.251
  4287.287    72.423    75.643
  4294.294    72.729    76.034
  4301.301    73.025    76.425
  4308.308    73.345    76.793
  4315.315    73.687    77.071
  4322.322    74.020    77.348
  4329.329    74.323    77.626
  4336.336    74.601    77.903
  4343.343    74.937    78.181
  4350.351    75.334    78.458
  4357.357    75.708    78.736
  4364.364    76.015    79.013
  4371.372    76.283    79.291
  4378.378    76.578    79.568
  4385.385    76.936    79.846
  4392.393    77.299    80.123
  4399.399    77.613    80.401
  4406.406    77.858    80.678
  4413.414    78.178    80.956
  4420.420    78.585    81.233
  4427.427    78.951    81.511
  4434.435    79.249    81.788
  4441.441    79.520    82.066
  4448.448    79.826    82.343
  4455.456    80.137    82.621
  4462.462    80.397    82.898
  4469.469    80.608    83.176
  4476.477    80.944    83.453
  4483.483    81.333    83.731
  4490.491    81.689    84.008
  4497.498    81.911    84.286
  4504.504    82.091    84.563
  4511.512    82.325    84.841
  4518.519    82.691    85.100
  4525.525    83.101    85.283
  4532.533    83.472    85.466
  4539.540    83.748    85.649
  4546.546    83.955    85.833
  4553.554    84.115    86.016
  4560.561    84.289    86.199
  4567.567    84.556    86.382
  4574.575    84.855    86.565
  4581.582    85.169    86.749
  4588.589    85.489    86.932
  4595.596    85.769    87.115
  4602.603    86.033    87.298
  4609.609    86.298    87.482
  4616.617    86.552    87.665
  4623.624    86.830    87.848
  4630.631    87.112    88.031
  4637.638    87.324    88.214
  4644.645    87.539    88.398
  4651.651    87.764    88.581
  4658.659    87.986    88.764
  4665.666    88.200    88.947
  4672.673    88.413    89.131
  4679.680    88.621    89.314
  4686.687    88.779    89.497
  4693.694    88.947    89.680
  4700.701    89.119    89.844
  4707.708    89.239    89.948
  4714.715    89.370    90.053
  4721.722    89.539    90.157
  4728.729    89.750    90.261
  4735.736    89.959    90.365
  4742.743    90.112    90.470
  4749.750    90.208    90.574
  4756.757    90.334    90.678
  4763.764    90.558    90.782
  4770.771    90.810    90.887
  4777.778    90.922    90.991
  4784.785    90.932    91.095
  4791.792    90.968    91.199
  4798.799    91.149    91.304
  4805.806    91.379    91.408
  4812.813    91.533    91.512
  4819.820    91.571    91.616
  4826.827    91.614    91.721
  4833.834    91.663    91.825
  4840.841    91.729    91.922
  4847.848    91.815    92.003
  4854.855    91.953    92.084
  4861.862    92.085    92.166
  4868.869    92.156    92.247
  4875.876    92.257    92.328
  4882.883    92.352    92.409
  4889.890    92.413    92.491
  4896.897    92.431    92.572
  4903.904    92.465    92.653
  4910.911    92.538    92.734
  4917.918    92.644    92.815
  4924.925    92.692    92.897
  4931.932    92.752    92.978
  4938.939    92.874    93.059
  4945.946    92.777    93.140
  4952.953    92.696    93.222
  4959.960    92.798    93.303
  4966.967    93.135    93.384
  4973.974    93.283    93.465
  4980.981    93.197    93.546
  4987.988    93.076    93.628
  4994.995    93.169    93.701
  5002.002    93.371    93.763
  5009.009    93.513    93.825
  5016.016    93.549    93.887
  5023.023    93.603    93.949
  5030.030    93.738    94.011
  5037.037    93.893    94.073
  5044.044    94.131    94.135
  5051.051    94.329    94.197
  5058.058    94.285    94.259
  5065.065    94.209    94.321
  5072.072    94.193    94.383
  5079.079    94.266    94.445
  5086.086    94.289    94.507
  5093.093    94.304    94.569
  5100.100    94.353    94.631
  5107.107    94.485    94.693
  5114.114    94.601    94.755
  5121.121    94.687    94.817
  5128.128    94.774    94.879
  5135.135    94.848    94.941
  5142.142    94.883    95.003
  5149.149    94.880    95.065
  5156.156    94.962    95.127
  5163.163    95.043    95.177
  5170.170    95.084    95.214
  5177.177    95.108    95.251
  5184.184    95.140    95.288
  5191.191    95.185    95.325
  5198.198    95.242    95.363
  5205.205    95.309    95.400
  5212.212    95.410    95.437
  5219.219    95.549    95.474
  5226.226    95.647    95.511
  5233.233    95.702    95.548
  5240.240    95.733    95.585
  5247.247    95.789    95.622
  5254.254    95.858    95.659
  5261.261    95.927    95.697
  5268.268    95.983    95.734
  5275.275    96.015    95.771
  5282.282    96.082    95.808
  5289.289    96.195    95.845
  5296.296    96.151    95.882
  5303.303    96.106    95.919
  5310.311    96.158    95.956
  5317.317    96.346    95.994
  5324.324    96.435    96.031
  5331.332    96.460    96.060
  5338.338    96.562    96.085
  5345.345    96.573    96.109
  5352.353    96.541    96.134
  5359.359    96.543    96.159
  5366.366    96.644    96.183
  5373.374    96.786    96.208
  5380.380    96.913    96.233
  5387.388    96.987    96.257
  5394.395    97.022    96.282
  5401.401    97.072    96.307
  5408.408    97.186    96.331
  5415.416    97.136    96.356
  5422.422    97.177    96.381
  5429.430    97.432    96.405
  5436.437    97.464    96.430
  5443.443    97.446    96.455
  5450.450    97.460    96.479
  5457.458    97.493    96.504
  5464.464    97.592    96.529
  5471.472    97.701    96.553
  5478.479    97.742    96.578
  5485.485    97.877    96.603
  5492.493    97.990    96.627
  5499.500    98.017    96.634
  5506.507    98.133    96.633
  5513.514    98.219    96.633
  5520.521    98.226    96.633
  5527.527    98.166    96.633
  5534.535    98.257    96.632
  5541.542    98.373    96.632
  5548.549    98.311    96.632
  5555.556    98.303    96.632
  5562.562    98.384    96.631
  5569.569    98.533    96.631
  5576.577    98.664    96.631
  5583.583    98.692    96.631
  5590.591    98.641    96.630
  5597.598    98.643    96.630
  5604.604    98.697    96.630
  5611.611    98.785    96.630
  5618.619    98.875    96.629
  5625.625    98.944    96.629
  5632.633    98.927    96.629
  5639.640    98.852    96.629
  5646.646    99.012    96.628
  5653.653    99.104    96.607
  5660.661    99.055    96.581
  5667.668    98.979    96.556
  5674.675    99.078    96.531
  5681.682    99.176    96.506
  5688.688    99.059    96.481
  5695.696    99.096    96.455
  5702.703    99.256    96.430
  5709.710    99.433    96.405
  5716.717    99.422    96.380
  5723.724    99.380    96.355
  5730.730    99.372    96.329
  5737.738    99.403    96.304
  5744.745    99.376    96.279
  5751.752    99.314    96.254
  5758.759    99.278    96.228
  5765.766    99.399    96.203
  5772.772    99.538    96.178
  5779.780    99.588    96.153
  5786.787    99.539    96.128
  5793.794    99.485    96.102
  5800.801    99.468    96.077
  5807.808    99.481    96.052
  5814.815    99.456    96.027
  5821.822    99.451    95.984
  5828.829    99.522    95.941
  5835.836    99.482    95.898
  5842.843    99.443    95.855
  5849.850    99.468    95.812
  5856.857    99.494    95.768
  5863.864    99.499    95.725
  5870.871    99.496    95.682
  5877.878    99.515    95.639
  5884.885    99.574    95.596
  5891.892    99.590    95.553
  5898.899    99.506    95.510
  5905.906    99.503    95.467
  5912.913    99.546    95.424
  5919.920    99.585    95.381
  5926.927    99.557    95.338
  5933.934    99.579    95.295
  5940.941    99.607    95.252
  5947.948    99.503    95.209
  5954.955    99.418    95.166
  5961.962    99.376    95.123
  5968.969    99.367    95.080
  5975.976    99.354    95.037
  5982.983    99.357    94.994
  5989.990    99.367    94.951
  5996.997    99.314    94.908
  6004.004    99.282    94.864
  6011.011    99.293    94.820
  6018.018    99.332    94.770
  6025.025    99.164    94.720
  6032.032    99.025    94.670
  6039.039    99.136    94.619
  6046.046    99.203    94.569
  6053.053    99.201    94.519
  6060.060    99.147    94.469
  6067.067    99.116    94.419
  6074.074    99.202    94.368
  6081.081    99.247    94.318
  6088.088    98.980    94.268
  6095.095    98.994    94.218
  6102.102    99.111    94.168
  6109.109    99.080    94.118
  6116.116    98.929    94.067
  6123.123    98.856    94.017
  6130.130    98.920    93.967
  6137.137    98.965    93.917
  6144.144    98.937    93.867
  6151.151    98.851    93.816
  6158.158    98.769    93.766
  6165.165    98.802    93.716
  6172.172    98.809    93.666
  6179.179    98.698    93.616
  6186.186    98.769    93.565
  6193.193    98.758    93.515
  6200.200    98.605    93.465
  6207.207    98.532    93.415
  6214.214    98.576    93.365
  6221.221    98.621    93.307
  6228.229    98.487    93.238
  6235.235    98.355    93.169
  6242.242    98.296    93.099
  6249.249    98.317    93.030
  6256.256    98.247    92.960
  6263.263    98.232    92.891
  6270.271    98.263    92.822
  6277.277    98.117    92.752
  6284.284    98.061    92.683
  6291.292    98.103    92.613
  6298.298    98.140    92.544
  6305.306    98.072    92.474
  6312.312    97.959    92.405
  6319.319    97.870    92.336
  6326.326    97.800    92.266
  6333.333    97.783    92.197
  6340.340    97.769    92.127
  6347.348    97.600    92.058
  6354.354    97.562    91.989
  6361.361    97.552    91.919
  6368.368    97.350    91.850
  6375.375    97.351    91.780
  6382.382    97.427    91.711
  6389.390    97.420    91.641
  6396.396    97.261    91.572
  6403.403    97.101    91.494
  6410.410    97.043    91.410
  6417.417    97.151    91.325
  6424.425    97.105    91.241
  6431.432    96.971    91.156
  6438.438    96.943    91.071
  6445.445    96.948    90.987
  6452.452    96.862    90.902
  6459.459    96.659    90.818
  6466.467    96.610    90.733
  6473.474    96.666    90.649
  6480.480    96.715    90.564
  6487.487    96.565    90.480
  6494.494    96.478    90.395
  6501.501    96.450    90.310
  6508.509    96.392    90.226
  6515.516    96.259    90.141
  6522.522    96.143    90.057
  6529.529    96.095    89.972
  6536.536    96.005    89.888
  6543.543    95.966    89.803
  6550.551    95.953    89.718
  6557.558    95.833    89.634
  6564.564    95.681    89.549
  6571.571    95.556    89.465
  6578.579    95.506    89.380
  6585.585    95.486    89.296
  6592.593    95.393    89.211
  6599.600    95.211    89.126
  6606.606    95.169    89.042
  6613.613    95.110    88.957
  6620.621    94.997    88.873
  6627.628    94.887    88.768
  6634.635    94.784    88.657
  6641.642    94.707    88.546
  6648.648    94.660    88.436
  6655.656    94.515    88.325
  6662.663    94.430    88.214
  6669.670    94.452    88.103
  6676.677    94.300    87.992
  6683.684    94.176    87.882
  6690.690    94.099    87.771
  6697.698    93.936    87.660
  6704.705    93.897    87.549
  6711.712    93.872    87.439
  6718.719    93.710    87.328
  6725.726    93.550    87.217
  6732.732    93.473    87.106
  6739.740    93.476    86.996
  6746.747    93.377    86.885
  6753.754    93.276    86.774
  6760.761    93.193    86.663
  6767.768    93.096    86.553
  6774.775    93.003    86.442
  6781.782    92.901    86.331
  6788.789    92.784    86.220
  6795.796    92.749    86.110
  6802.803    92.715    85.999
  6809.810    92.656    85.888
  6816.817    92.681    85.777
  6823.824    92.652    85.667
  6830.831    92.549    85.556
  6837.838    92.429    85.445
  6844.845    92.317    85.334
  6851.852    92.218    85.224
  6858.859    92.123    85.113
  6865.866    91.967    85.002
  6872.873    91.829    84.891
  6879.880    91.735    84.781
  6886.887    91.576    84.668
  6893.894    91.532    84.527
  6900.901    91.561    84.387
  6907.908    91.481    84.247
  6914.915    91.374    84.107
  6921.922    91.226    83.966
  6928.929    91.036    83.826
  6935.936    90.920    83.686
  6942.943    90.849    83.545
  6949.950    90.796    83.405
  6956.957    90.754    83.265
  6963.964    90.609    83.124
  6970.971    90.400    82.984
  6977.978    90.253    82.844
  6984.985    90.128    82.704
  6991.992    90.052    82.563
  6998.999    90.035    82.423
  7006.006    89.995    82.283
  7013.013    89.935    82.142
  7020.020    89.838    82.002
  7027.027    89.638    81.862
  7034.034    89.487    81.721
  7041.041    89.397    81.581
  7048.048    89.299    81.441
  7055.055    89.211    81.300
  7062.062    89.130    81.160
  7069.069    89.048    81.020
  7076.076    88.954    80.880
  7083.083    88.795    80.739
  7090.090    88.608    80.599
  7097.097    88.588    80.462
  7104.104    88.514    80.333
  7111.111    88.380    80.205
  7118.118    88.285    80.076
  7125.125    88.204    79.947
  7132.132    88.101    79.818
  7139.139    87.952    79.689
  7146.146    87.795    79.560
  7153.153    87.690    79.432
  7160.160    87.646    79.303
  7167.167    87.610    79.174
  7174.174    87.540    79.045
  7181.181    87.421    78.916
  7188.188    87.266    78.787
  7195.195    87.233    78.658
  7202.202    87.186    78.530
  7209.209    87.023    78.401
  7216.216    86.968    78.272
  7223.223    86.937    78.143
  7230.230    86.864    78.014
  7237.237    86.687    77.885
  7244.244    86.614    77.757
  7251.251    86.618    77.628
  7258.258    86.573    77.499
  7265.265    86.447    77.370
  7272.272    86.357    77.241
  7279.279    86.377    77.112
  7286.286    86.341    76.984
  7293.293    86.247    76.849
  7300.300    86.130    76.711
  7307.307    86.060    76.572
  7314.314    86.049    76.433
  7321.321    86.072    76.294
  7328.328    86.083    76.156
  7335.335    86.026    76.017
  7342.343    85.921    75.878
  7349.350    85.815    75.739
  7356.356    85.821    75.600
  7363.363    85.819    75.462
  7370.370    85.755    75.323
  7377.377    85.650    75.184
  7384.385    85.590    75.045
  7391.392    85.556    74.907
  7398.398    85.496    74.768
  7405.405    85.507    74.629
  7412.412    85.527    74.490
  7419.419    85.497    74.352
  7426.427    85.400    74.213
  7433.434    85.354    74.074
  7440.440    85.395    73.935
  7447.447    85.476    73.797
  7454.455    85.514    73.658
  7461.461    85.526    73.519
  7468.469    85.564    73.380
  7475.476    85.587    73.221
  7482.482    85.587    73.056
  7489.489    85.572    72.891
  7496.497    85.578    72.725
  7503.503    85.576    72.560
  7510.511    85.575    72.394
  7517.518    85.624    72.229
  7524.524    85.721    72.064
  7531.531    85.810    71.898
  7538.539    85.821    71.733
  7545.545    85.720    71.568
  7552.553    85.656    71.402
  7559.560    85.720    71.237
  7566.566    85.826    71.071
  7573.573    85.843    70.906
  7580.581    85.795    70.741
  7587.588    85.856    70.575
  7594.595    85.963    70.410
  7601.602    86.074    70.244
  7608.608    86.149    70.079
  7615.615    86.194    69.928
  7622.623    86.261    69.777
  7629.630    86.359    69.627
  7636.637    86.391    69.477
  7643.644    86.323    69.326
  7650.650    86.237    69.176
  7657.657    86.315    69.026
  7664.665    86.474    68.875
  7671.672    86.635    68.725
  7678.679    86.729    68.575
  7685.686    86.786    68.424
  7692.692    86.839    68.274
  7699.699    86.895    68.124
  7706.707    86.900    67.973
  7713.714    86.918    67.823
  7720.721    86.970    67.673
  7727.728    87.040    67.522
  7734.734    87.120    67.372
  7741.742    87.219    67.222
  7748.749    87.350    67.071
  7755.756    87.537    66.921
  7762.763    87.671    66.769
  7769.770    87.707    66.602
  7776.776    87.748    66.434
  7783.784    87.780    66.267
  7790.791    87.827    66.100
  7797.798    87.922    65.933
  7804.805    88.059    65.766
  7811.812    88.130    65.599
  7818.818    88.054    65.432
  7825.826    88.042    65.265
  7832.833    88.154    65.098
  7839.840    88.355    64.931
  7846.847    88.447    64.764
  7853.854    88.511    64.597
  7860.861    88.582    64.430
  7867.868    88.670    64.263
  7874.875    88.769    64.096
  7881.882    88.880    63.928
  7888.889    88.993    63.761
  7895.896    89.015    63.594
  7902.903    89.113    63.427
  7909.910    89.327    63.260
  7916.917    89.448    63.093
  7923.924    89.482    62.926
  7930.931    89.501    62.759
  7937.938    89.631    62.592
  7944.945    89.693    62.425
  7951.952    89.723    62.258
  7958.959    89.792    62.091
  7965.966    89.950    61.924
  7972.973    90.066    61.757
  7979.980    90.109    61.589
  7986.987    90.240    61.422
  7993.994    90.383    61.255
  8001.001    90.470    61.088
  8008.008    90.438    60.921
  8015.015    90.509    60.737
  8022.022    90.603    60.530
  8029.029    90.626    60.323
  8036.036    90.733    60.117
  8043.043    90.883    59.910
  8050.050    91.025    59.703
  8057.057    91.081    59.496
  8064.064    91.189    59.289
  8071.071    91.282    59.082
  8078.078    91.205    58.875
  8085.085    91.245    58.669
  8092.092    91.361    58.462
  8099.099    91.466    58.255
  8106.106    91.556    58.048
  8113.113    91.630    57.841
  8120.120    91.705    57.634
  8127.127    91.827    57.446
  8134.134    91.904    57.270
  8141.141    91.959    57.095
  8148.148    92.070    56.920
  8155.155    92.057    56.744
  8162.162    92.055    56.569
  8169.169    92.182    56.393
  8176.176    92.269    56.218
  8183.183    92.341    56.042
  8190.190    92.415    55.867
  8197.197    92.499    55.691
  8204.204    92.538    55.516
  8211.211    92.574    55.341
  8218.219    92.688    55.165
  8225.225    92.723    54.990
  8232.232    92.744    54.814
  8239.239    92.838    54.639
  8246.246    93.074    54.463
  8253.254    93.211    54.288
  8260.260    93.192    54.113
  8267.268    93.213    53.937
  8274.274    93.233    53.762
  8281.281    93.249    53.586
  8288.288    93.263    53.411
  8295.295    93.467    53.225
  8302.303    93.645    53.037
  8309.309    93.637    52.849
  8316.316    93.668    52.661
  8323.323    93.716    52.473
  8330.330    93.766    52.285
  8337.338    93.799    52.097
  8344.344    93.847    51.909
  8351.352    93.906    51.721
  8358.358    93.967    51.533
  8365.365    94.175    51.345
  8372.372    94.301    51.157
  8379.379    94.236    50.969
  8386.387    94.416    50.781
  8393.393    94.537    50.593
  8400.400    94.526    50.405
  8407.407    94.556    50.139
  8414.414    94.584    49.868
  8421.422    94.563    49.597
  8428.428    94.470    49.326
  8435.436    94.670    49.055
  8442.442    94.879    48.784
  8449.449    94.889    48.513
  8456.457    94.989    48.242
  8463.463    94.972    47.971
  8470.471    94.888    47.702
  8477.478    95.046    47.485
  8484.484    95.268    47.268
  8491.491    95.379    47.050
  8498.498    95.252    46.833
  8505.506    95.256    46.616
  8512.512    95.363    46.398
  8519.520    95.504    46.181
  8526.526    95.640    45.964
  8533.533    95.736    45.746
  8540.541    95.796    45.529
  8547.547    95.873    45.312
  8554.555    95.796    45.094
  8561.562    95.721    44.877
  8568.568    95.847    44.660
  8575.576    95.789    44.442
  8582.583    95.815    44.225
  8589.590    96.035    44.008
  8596.597    96.005    43.789
  8603.604    96.027    43.563
  8610.611    96.163    43.337
  8617.617    96.284    43.111
  8624.625    96.225    42.886
  8631.632    96.163    42.660
  8638.639    96.331    42.434
  8645.646    96.546    42.209
  8652.652    96.622    41.983
  8659.660    96.529    41.757
  8666.667    96.630    41.531
  8673.674    96.717    41.306
  8680.681    96.705    41.080
  8687.688    96.598    40.854
  8694.695    96.619    40.629
  8701.701    96.696    40.403
  8708.709    96.705    40.177
  8715.716    96.824    39.952
  8722.723    96.911    39.726
  8729.730    96.909    39.500
  8736.736    97.005    39.274
  8743.744    97.157    39.049
  8750.751    97.262    38.823
  8757.758    97.167    38.597
  8764.765    97.241    38.374
  8771.771    97.342    38.154
  8778.779    97.267    37.934
  8785.785    97.308    37.715
  8792.793    97.406    37.495
  8799.800    97.474    37.275
  8806.807    97.390    37.055
  8813.814    97.368    36.835
  8820.820    97.487    36.615
  8827.828    97.731    36.395
  8834.835    97.648    36.175
  8841.842    97.533    35.955
  8848.850    97.739    35.735
  8855.855    97.844    35.515
  8862.863    97.913    35.296
  8869.870    97.962    35.076
  8876.877    97.836    34.856
  8883.884    97.877    34.636
  8890.891    98.044    34.416
  8897.898    98.047    34.196
  8904.904    98.025    33.976
  8911.912    97.935    33.756
  8918.919    97.739    33.536
  8925.926    97.520    33.316
  8932.934    97.453    33.096
  8939.939    97.617    32.877
  8946.947    97.947    32.662
  8953.954    98.087    32.448
  8960.961    98.013    32.235
  8967.968    97.918    32.022
  8974.975    97.973    31.809
  8981.982    98.076    31.596
  8988.988    98.093    31.383
  8995.996    98.090    31.170
  9003.003    98.106    30.957
  9010.010    98.154    30.743
  9017.018    98.220    30.530
  9024.023    98.238    30.317
  9031.031    98.270    30.104
  9038.038    98.438    29.891
  9045.045    98.513    29.678
  9052.052    98.477    29.465
  9059.059    98.378    29.251
  9066.066    98.316    29.038
  9073.072    98.310    28.825
  9080.080    98.366    28.612
  9087.087    98.498    28.399
  9094.094    98.506    28.186
  9101.102    98.445    27.973
  9108.107    98.506    27.760
  9115.115    98.679    27.551
  9122.122    98.779    27.343
  9129.129    98.677    27.134
  9136.137    98.611    26.926
  9143.143    98.643    26.718
  9150.150    98.751    26.509
  9157.157    98.796    26.301
  9164.164    98.751    26.093
  9171.171    98.703    25.885
  9178.178    98.793    25.676
  9185.186    98.909    25.468
  9192.191    98.995    25.260
  9199.199    99.030    25.051
  9206.206    99.094    24.843
  9213.213    99.115    24.635
  9220.221    99.081    24.427
  9227.227    99.054    24.218
  9234.234    99.118    24.010
  9241.241    99.247    23.802
  9248.248    99.359    23.593
  9255.256    99.299    23.385
  9262.263    99.199    23.177
  9269.270    99.190    22.968
  9276.276    99.202    22.760
  9283.283    99.221    22.552
  9290.291    99.250    22.348
  9297.297    99.320    22.163
  9304.305    99.392    21.978
  9311.312    99.443    21.793
  9318.318    99.460    21.608
  9325.326    99.473    21.423
  9332.332    99.524    21.238
  9339.340    99.622    21.053
  9346.347    99.678    20.867
  9353.354    99.666    20.682
  9360.360    99.622    20.497
  9367.367    99.653    20.312
  9374.375    99.714    20.127
  9381.381    99.744    19.942
  9388.389    99.690    19.757
  9395.396    99.662    19.572
  9402.402    99.712    19.387
  9409.410    99.834    19.202
  9416.416    99.886    19.016
  9423.424    99.855    18.831
  9430.431    99.787    18.646
  9437.438    99.797    18.461
  9444.444    99.769    18.276
  9451.451    99.734    18.091
  9458.459    99.767    17.906
  9465.465    99.935    17.721
  9472.473   100.012    17.537
  9479.479    99.890    17.354
  9486.486    99.893    17.172
  9493.494    99.889    16.989
  9500.500    99.883    16.806
  9507.508   100.015    16.624
  9514.515    99.967    16.441
  9521.521    99.832    16.259
  9528.529    99.821    16.076
  9535.535    99.822    15.893
  9542.543    99.860    15.711
  9549.550    99.944    15.528
  9556.557   100.021    15.345
  9563.563   100.040    15.163
  9570.570   100.018    14.980
  9577.578   100.054    14.798
  9584.584    99.993    14.615
  9591.592    99.942    14.432
  9598.599   100.039    14.250
  9605.605   100.038    14.067
  9612.613    99.984    13.885
  9619.619    99.939    13.702
  9626.627    99.944    13.519
  9633.634    99.974    13.337
  9640.641    99.987    13.154
  9647.647    99.922    12.971
  9654.654    99.889    12.789
  9661.662    99.933    12.606
  9668.668   100.055    12.459
  9675.676   100.132    12.328
  9682.683   100.147    12.196
  9689.689   100.128    12.064
  9696.697   100.189    11.933
  9703.703   100.148    11.801
  9710.711   100.032    11.670
  9717.718   100.030    11.538
  9724.725   100.120    11.407
  9731.731   100.218    11.275
  9738.738   100.230    11.144
  9745.746   100.123    11.012
  9752.752   100.071    10.881
  9759.760   100.150    10.749
  9766.767   100.214    10.618
  9773.773   100.231    10.486
  9780.781   100.206    10.355
  9787.787   100.180    10.223
  9794.795   100.158    10.092
  9801.802   100.181     9.960
  9808.809   100.267     9.828
  9815.816   100.215     9.697
  9822.822   100.190     9.565
  9829.830   100.261     9.434
  9836.837   100.276     9.302
  9843.844   100.281     9.171
  9850.851   100.322     9.039
  9857.857   100.447     8.908
  9864.865   100.443     8.776
  9871.871   100.356     8.645
  9878.879   100.296     8.513
  9885.886   100.338     8.382
  9892.893   100.364     8.272
  9899.900   100.324     8.163
  9906.906   100.337     8.055
  9913.914   100.297     7.946
  9920.921   100.227     7.838
  9927.928   100.222     7.729
  9934.935   100.292     7.621
  9941.941   100.369     7.512
  9948.949   100.382     7.404
  9955.956   100.346     7.295
  9962.963   100.301     7.186
  9969.971   100.269     7.078
  9976.977   100.227     6.969
  9983.984   100.210     6.861
  9990.991   100.200     6.752
  9997.998   100.154     6.644
 10005.006   100.168     6.535
 10012.012   100.188     6.426
 10019.020   100.160     6.318
 10026.026   100.178     6.209
 10033.033   100.216     6.101
 10040.040   100.233     5.992
 10047.047   100.166     5.884
 10054.055   100.127     5.775
 10061.061   100.133     5.667
 10068.068   100.147     5.558
 10075.075   100.126     5.449
 10082.082   100.105     5.341
 10089.090   100.119     5.232
 10096.096   100.134     5.124
 10103.104   100.129     5.015
 10110.110   100.102     4.907
 10117.117   100.074     4.798
 10124.124   100.159     4.690
 10131.131   100.262     4.581
 10138.139   100.189     4.483
 10145.145   100.103     4.420
 10152.152   100.040     4.357
 10159.159   100.020     4.295
 10166.166   100.080     4.232
 10173.174   100.082     4.169
 10180.180   100.001     4.107
 10187.188    99.985     4.044
 10194.194    99.983     3.981
 10201.201    99.980     3.919
 10208.209    99.966     3.856
 10215.215    99.894     3.793
 10222.223    99.803     3.731
 10229.229    99.756     3.668
 10236.236    99.862     3.605
 10243.243    99.929     3.543
 10250.250    99.887     3.480
 10257.258    99.830     3.417
 10264.264    99.772     3.354
 10271.271    99.737     3.292
 10278.278    99.744     3.229
 10285.285    99.727     3.166
 10292.293    99.701     3.104
 10299.299    99.690     3.041
 10306.307    99.733     2.986
 10313.313    99.725     2.943
 10320.320    99.657     2.900
 10327.327    99.630     2.857
 10334.334    99.605     2.814
 10341.342    99.565     2.771
 10348.348    99.498     2.728
 10355.355    99.430     2.685
 10362.362    99.422     2.642
 10369.369    99.490     2.599
 10376.377    99.487     2.555
 10383.383    99.456     2.512
 10390.391    99.411     2.469
 10397.397    99.336     2.426
 10404.404    99.289     2.383
 10411.411    99.260     2.340
 10418.418    99.213     2.297
 10425.426    99.176     2.254
 10432.432    99.115     2.211
 10439.439    99.019     2.168
 10446.446    98.956     2.125
 10453.453    98.939     2.082
 10460.461    98.945     2.039
 10467.467    98.907     1.996
 10474.475    98.828     1.953
 10481.481    98.746     1.910
 10488.488    98.709     1.867
 10495.496    98.692     1.824
 10502.502    98.660     1.781
 10509.510    98.603     1.738
 10516.517    98.588     1.695
 10523.523    98.584     1.651
 10530.530    98.566     1.608
 10537.537    98.510     1.565
 10544.545    98.480     1.522
 10551.551    98.449     1.479
 10558.559    98.372     1.436
 10565.565    98.340     1.393
 10572.572    98.310     1.350
 10579.580    98.257     1.307
 10586.586    98.242     1.264
 10593.594    98.250     1.221
 10600.601    98.253     1.221
 10607.607    98.212     1.221
 10614.614    98.085     1.221
 10621.621    97.997     1.221
 10628.629    98.079     1.221
 10635.635    98.069     1.221
 10642.643    98.006     1.221
 10649.649    97.930     1.221
 10656.656    97.820     1.221
 10663.664    97.780     1.221
 10670.671    97.819     1.221
 10677.678    97.860     1.221
 10684.686    97.848     1.221
 10691.691    97.796     1.221
 10698.699    97.740     1.221
 10705.706    97.625     1.221
 10712.713    97.523     1.221
 10719.720    97.472     1.221
 10726.727    97.402     1.221
 10733.734    97.374     1.221
 10740.740    97.376     1.221
 10747.748    97.341     1.221
 10754.755    97.288     1.221
 10761.762    97.250     1.221
 10768.770    97.246     1.221
 10775.775    97.168     1.221
 10782.783    97.040     1.221
 10789.790    96.904     1.221
 10796.797    96.812     1.221
 10803.804    96.731     1.221
 10810.811    96.644     1.221
 10817.818    96.547     1.221
 10824.824    96.390     1.221
 10831.832    96.242     1.221
 10838.839    96.175     1.221
 10845.846    96.102     1.221
 10852.854    96.033     1.221
 10859.859    95.969     1.221
 10866.867    95.879     1.221
 10873.874    95.808     1.221
 10880.881    95.764     1.221
 10887.889    95.733     1.221
 10894.895    95.672     1.221
 10901.902    95.587     1.221
 10908.909    95.496     1.221
 10915.916    95.389     1.221
 10922.923    95.262     1.221
 10929.930    95.143     1.221
 10936.938    95.112     1.221
 10943.943    95.092     1.221
 10950.951    95.039     1.221
 10957.958    94.933     1.221
 10964.965    94.834     1.221
 10971.973    94.736     1.221
 10978.979    94.629     1.221
 10985.986    94.587     1.221
 10992.993    94.549     1.221
 11000.000    94.474     1.221
