   330.00000000000000       0.15876939701340478     
   330.50000000000000       0.16006653260991952     
   331.00000000000000       0.16136366820643427     
   331.50000000000000       0.16266080380294901     
   332.00000000000000       0.16395793939946376     
   332.50000000000000       0.16525507499597850     
   333.00000000000000       0.16655221059249325     
   333.50000000000000       0.16784934618900799     
   334.00000000000000       0.16914648178552275     
   334.50000000000000       0.17044361738203748     
   335.00000000000000       0.17174075297855221     
   335.50000000000000       0.17303788857506694     
   336.00000000000000       0.17433502417158170     
   336.50000000000000       0.17563215976809646     
   337.00000000000000       0.17692929536461119     
   337.50000000000000       0.17822643096112595     
   338.00000000000000       0.17952356655764068     
   338.50000000000000       0.18082070215415544     
   339.00000000000000       0.18211783775067017     
   339.50000000000000       0.18341497334718493     
   340.00000000000000       0.18471210894369966     
   340.50000000000000       0.18621678623565677     
   341.00000000000000       0.18772146352761390     
   341.50000000000000       0.18922614081957098     
   342.00000000000000       0.19073081811152809     
   342.50000000000000       0.19223549540348520     
   343.00000000000000       0.19374017269544228     
   343.50000000000000       0.19524484998739938     
   344.00000000000000       0.19674952727935649     
   344.50000000000000       0.19825420457131360     
   345.00000000000000       0.19975888186327073     
   345.50000000000000       0.20126355915522781     
   346.00000000000000       0.20276823644718492     
   346.50000000000000       0.20427291373914203     
   347.00000000000000       0.20577759103109911     
   347.50000000000000       0.20728226832305621     
   348.00000000000000       0.20878694561501332     
   348.50000000000000       0.21029162290697045     
   349.00000000000000       0.21179630019892756     
   349.50000000000000       0.21330097749088464     
   350.00000000000000       0.21480565478284175     
   350.50000000000000       0.21646598834638062     
   351.00000000000000       0.21812632190991951     
   351.50000000000000       0.21978665547345835     
   352.00000000000000       0.22144698903699722     
   352.50000000000000       0.22310732260053612     
   353.00000000000000       0.22476765616407499     
   353.50000000000000       0.22642798972761385     
   354.00000000000000       0.22808832329115275     
   354.50000000000000       0.22974865685469159     
   355.00000000000000       0.23140899041823046     
   355.50000000000000       0.23306932398176936     
   356.00000000000000       0.23472965754530822     
   356.50000000000000       0.23638999110884712     
   357.00000000000000       0.23805032467238599     
   357.50000000000000       0.23971065823592486     
   358.00000000000000       0.24137099179946372     
   358.50000000000000       0.24303132536300259     
   359.00000000000000       0.24469165892654146     
   359.50000000000000       0.24635199249008036     
   360.00000000000000       0.24801232605361923     
   360.50000000000000       0.25071036809436986     
   361.00000000000000       0.25340841013512055     
   361.50000000000000       0.25610645217587125     
   362.00000000000000       0.25880449421662188     
   362.50000000000000       0.26150253625737258     
   363.00000000000000       0.26420057829812321     
   363.50000000000000       0.26689862033887390     
   364.00000000000000       0.26959666237962454     
   364.50000000000000       0.27229470442037523     
   365.00000000000000       0.27499274646112593     
   365.50000000000000       0.27769078850187662     
   366.00000000000000       0.28038883054262725     
   366.50000000000000       0.28308687258337789     
   367.00000000000000       0.28578491462412858     
   367.50000000000000       0.28848295666487922     
   368.00000000000000       0.29118099870562991     
   368.50000000000000       0.29387904074638060     
   369.00000000000000       0.29657708278713130     
   369.50000000000000       0.29927512482788193     
   370.00000000000000       0.30197316686863257     
   370.50000000000000       0.30622777162520093     
   371.00000000000000       0.31048237638176929     
   371.50000000000000       0.31473698113833765     
   372.00000000000000       0.31899158589490606     
   372.50000000000000       0.32324619065147442     
   373.00000000000000       0.32750079540804278     
   373.50000000000000       0.33175540016461114     
   374.00000000000000       0.33601000492117949     
   374.50000000000000       0.34026460967774785     
   375.00000000000000       0.34451921443431621     
   375.50000000000000       0.34877381919088463     
   376.00000000000000       0.35302842394745299     
   376.50000000000000       0.35728302870402134     
   377.00000000000000       0.36153763346058970     
   377.50000000000000       0.36579223821715806     
   378.00000000000000       0.37004684297372642     
   378.50000000000000       0.37430144773029483     
   379.00000000000000       0.37855605248686319     
   379.50000000000000       0.38281065724343155     
   380.00000000000000       0.38706526200000002     
   380.50000000000000       0.39140939895000004     
   381.00000000000000       0.39575353590000006     
   381.50000000000000       0.40009767285000003     
   382.00000000000000       0.40444180980000000     
   382.50000000000000       0.40878594675000002     
   383.00000000000000       0.41313008370000004     
   383.50000000000000       0.41747422065000006     
   384.00000000000000       0.42181835760000003     
   384.50000000000000       0.42616249454999999     
   385.00000000000000       0.43050663150000001     
   385.50000000000000       0.43485076845000004     
   386.00000000000000       0.43919490540000006     
   386.50000000000000       0.44353904235000002     
   387.00000000000000       0.44788317929999999     
   387.50000000000000       0.45222731625000001     
   388.00000000000000       0.45657145320000003     
   388.50000000000000       0.46091559015000000     
   389.00000000000000       0.46525972710000002     
   389.50000000000000       0.46960386404999999     
   390.00000000000000       0.47394800100000001     
   390.50000000000000       0.47829213795000003     
   391.00000000000000       0.48263627490000000     
   391.50000000000000       0.48698041185000002     
   392.00000000000000       0.49132454879999998     
   392.50000000000000       0.49566868575000000     
   393.00000000000000       0.50001282270000003     
   393.50000000000000       0.50435695965000005     
   394.00000000000000       0.50870109659999996     
   394.50000000000000       0.51304523354999998     
   395.00000000000000       0.51738937050000000     
   395.50000000000000       0.52173350745000002     
   396.00000000000000       0.52607764440000004     
   396.50000000000000       0.53042178134999995     
   397.00000000000000       0.53476591829999998     
   397.50000000000000       0.53911005525000000     
   398.00000000000000       0.54345419220000002     
   398.50000000000000       0.54779832915000004     
   399.00000000000000       0.55214246609999995     
   399.50000000000000       0.55648660304999997     
   400.00000000000000       0.56083073999999999     
   400.50000000000000       0.56407457107500003     
   401.00000000000000       0.56731840214999996     
   401.50000000000000       0.57056223322499999     
   402.00000000000000       0.57380606430000003     
   402.50000000000000       0.57704989537499995     
   403.00000000000000       0.58029372644999999     
   403.50000000000000       0.58353755752500003     
   404.00000000000000       0.58678138859999995     
   404.50000000000000       0.59002521967499999     
   405.00000000000000       0.59326905075000003     
   405.50000000000000       0.59651288182499995     
   406.00000000000000       0.59975671289999999     
   406.50000000000000       0.60300054397500003     
   407.00000000000000       0.60624437504999995     
   407.50000000000000       0.60948820612499999     
   408.00000000000000       0.61273203720000002     
   408.50000000000000       0.61597586827500006     
   409.00000000000000       0.61921969934999999     
   409.50000000000000       0.62246353042500002     
   410.00000000000000       0.62570736149999995     
   410.50000000000000       0.62895119257499998     
   411.00000000000000       0.63219502365000002     
   411.50000000000000       0.63543885472500006     
   412.00000000000000       0.63868268579999998     
   412.50000000000000       0.64192651687500002     
   413.00000000000000       0.64517034795000006     
   413.50000000000000       0.64841417902499998     
   414.00000000000000       0.65165801010000002     
   414.50000000000000       0.65490184117500005     
   415.00000000000000       0.65814567224999998     
   415.50000000000000       0.66138950332500002     
   416.00000000000000       0.66463333440000005     
   416.50000000000000       0.66787716547499998     
   417.00000000000000       0.67112099655000002     
   417.50000000000000       0.67436482762500005     
   418.00000000000000       0.67760865869999998     
   418.50000000000000       0.68085248977500001     
   419.00000000000000       0.68409632085000005     
   419.50000000000000       0.68734015192499998     
   420.00000000000000       0.69058398300000001     
   420.50000000000000       0.69273221252499995     
   421.00000000000000       0.69488044204999999     
   421.50000000000000       0.69702867157500004     
   422.00000000000000       0.69917690109999997     
   422.50000000000000       0.70132513062500001     
   423.00000000000000       0.70347336015000006     
   423.50000000000000       0.70562158967499999     
   424.00000000000000       0.70776981920000004     
   424.50000000000000       0.70991804872499997     
   425.00000000000000       0.71206627825000002     
   425.50000000000000       0.71421450777500006     
   426.00000000000000       0.71636273730000000     
   426.50000000000000       0.71851096682500004     
   427.00000000000000       0.72065919634999998     
   427.50000000000000       0.72280742587500002     
   428.00000000000000       0.72495565540000007     
   428.50000000000000       0.72710388492500000     
   429.00000000000000       0.72925211445000004     
   429.50000000000000       0.73140034397499998     
   430.00000000000000       0.73354857350000002     
   430.50000000000000       0.73569680302500007     
   431.00000000000000       0.73784503255000000     
   431.50000000000000       0.73999326207500005     
   432.00000000000000       0.74214149159999998     
   432.50000000000000       0.74428972112500003     
   433.00000000000000       0.74643795065000007     
   433.50000000000000       0.74858618017500000     
   434.00000000000000       0.75073440970000005     
   434.50000000000000       0.75288263922499998     
   435.00000000000000       0.75503086875000003     
   435.50000000000000       0.75717909827500007     
   436.00000000000000       0.75932732780000001     
   436.50000000000000       0.76147555732500005     
   437.00000000000000       0.76362378684999999     
   437.50000000000000       0.76577201637500003     
   438.00000000000000       0.76792024590000008     
   438.50000000000000       0.77006847542500001     
   439.00000000000000       0.77221670495000005     
   439.50000000000000       0.77436493447499999     
   440.00000000000000       0.77651316400000003     
   440.50000000000000       0.77796971587500008     
   441.00000000000000       0.77942626775000001     
   441.50000000000000       0.78088281962500006     
   442.00000000000000       0.78233937149999999     
   442.50000000000000       0.78379592337500004     
   443.00000000000000       0.78525247525000008     
   443.50000000000000       0.78670902712500002     
   444.00000000000000       0.78816557900000006     
   444.50000000000000       0.78962213087499999     
   445.00000000000000       0.79107868275000004     
   445.50000000000000       0.79253523462499997     
   446.00000000000000       0.79399178650000002     
   446.50000000000000       0.79544833837499995     
   447.00000000000000       0.79690489025000000     
   447.50000000000000       0.79836144212500004     
   448.00000000000000       0.79981799399999998     
   448.50000000000000       0.80127454587500002     
   449.00000000000000       0.80273109774999996     
   449.50000000000000       0.80418764962500000     
   450.00000000000000       0.80564420150000005     
   450.50000000000000       0.80710075337499998     
   451.00000000000000       0.80855730525000002     
   451.50000000000000       0.81001385712499996     
   452.00000000000000       0.81147040900000000     
   452.50000000000000       0.81292696087499994     
   453.00000000000000       0.81438351274999998     
   453.50000000000000       0.81584006462500003     
   454.00000000000000       0.81729661649999996     
   454.50000000000000       0.81875316837500001     
   455.00000000000000       0.82020972024999994     
   455.50000000000000       0.82166627212499999     
   456.00000000000000       0.82312282399999992     
   456.50000000000000       0.82457937587499996     
   457.00000000000000       0.82603592775000001     
   457.50000000000000       0.82749247962499994     
   458.00000000000000       0.82894903149999999     
   458.50000000000000       0.83040558337499992     
   459.00000000000000       0.83186213524999997     
   459.50000000000000       0.83331868712499990     
   460.00000000000000       0.83477523899999995     
   460.50000000000000       0.83584332909999992     
   461.00000000000000       0.83691141920000001     
   461.50000000000000       0.83797950929999998     
   462.00000000000000       0.83904759939999995     
   462.50000000000000       0.84011568949999993     
   463.00000000000000       0.84118377959999990     
   463.50000000000000       0.84225186969999999     
   464.00000000000000       0.84331995979999996     
   464.50000000000000       0.84438804989999994     
   465.00000000000000       0.84545614000000002     
   465.50000000000000       0.84652423010000000     
   466.00000000000000       0.84759232019999997     
   466.50000000000000       0.84866041029999995     
   467.00000000000000       0.84972850039999992     
   467.50000000000000       0.85079659050000001     
   468.00000000000000       0.85186468059999998     
   468.50000000000000       0.85293277069999995     
   469.00000000000000       0.85400086080000004     
   469.50000000000000       0.85506895090000001     
   470.00000000000000       0.85613704099999999     
   470.50000000000000       0.85720513109999996     
   471.00000000000000       0.85827322119999994     
   471.50000000000000       0.85934131130000002     
   472.00000000000000       0.86040940140000000     
   472.50000000000000       0.86147749149999997     
   473.00000000000000       0.86254558160000006     
   473.50000000000000       0.86361367170000003     
   474.00000000000000       0.86468176180000000     
   474.50000000000000       0.86574985189999998     
   475.00000000000000       0.86681794199999995     
   475.50000000000000       0.86788603210000004     
   476.00000000000000       0.86895412220000001     
   476.50000000000000       0.87002221229999999     
   477.00000000000000       0.87109030240000007     
   477.50000000000000       0.87215839250000005     
   478.00000000000000       0.87322648260000002     
   478.50000000000000       0.87429457269999999     
   479.00000000000000       0.87536266279999997     
   479.50000000000000       0.87643075290000005     
   480.00000000000000       0.87749884300000003     
   480.50000000000000       0.87819912295000002     
   481.00000000000000       0.87889940290000002     
   481.50000000000000       0.87959968285000001     
   482.00000000000000       0.88029996280000000     
   482.50000000000000       0.88100024275000000     
   483.00000000000000       0.88170052269999999     
   483.50000000000000       0.88240080264999998     
   484.00000000000000       0.88310108259999998     
   484.50000000000000       0.88380136254999997     
   485.00000000000000       0.88450164250000007     
   485.50000000000000       0.88520192245000007     
   486.00000000000000       0.88590220240000006     
   486.50000000000000       0.88660248235000005     
   487.00000000000000       0.88730276230000005     
   487.50000000000000       0.88800304225000004     
   488.00000000000000       0.88870332220000003     
   488.50000000000000       0.88940360215000003     
   489.00000000000000       0.89010388210000002     
   489.50000000000000       0.89080416205000001     
   490.00000000000000       0.89150444200000001     
   490.50000000000000       0.89220472195000000     
   491.00000000000000       0.89290500189999999     
   491.50000000000000       0.89360528184999999     
   492.00000000000000       0.89430556179999998     
   492.50000000000000       0.89500584174999998     
   493.00000000000000       0.89570612169999997     
   493.50000000000000       0.89640640164999996     
   494.00000000000000       0.89710668159999996     
   494.50000000000000       0.89780696154999995     
   495.00000000000000       0.89850724149999994     
   495.50000000000000       0.89920752145000005     
   496.00000000000000       0.89990780140000004     
   496.50000000000000       0.90060808135000003     
   497.00000000000000       0.90130836130000003     
   497.50000000000000       0.90200864125000002     
   498.00000000000000       0.90270892120000001     
   498.50000000000000       0.90340920115000001     
   499.00000000000000       0.90410948110000000     
   499.50000000000000       0.90480976104999999     
   500.00000000000000       0.90551004099999999     
   500.50000000000000       0.90596367162500002     
   501.00000000000000       0.90641730224999995     
   501.50000000000000       0.90687093287499998     
   502.00000000000000       0.90732456350000001     
   502.50000000000000       0.90777819412500005     
   503.00000000000000       0.90823182474999997     
   503.50000000000000       0.90868545537500001     
   504.00000000000000       0.90913908600000004     
   504.50000000000000       0.90959271662499996     
   505.00000000000000       0.91004634725000000     
   505.50000000000000       0.91049997787500003     
   506.00000000000000       0.91095360849999996     
   506.50000000000000       0.91140723912499999     
   507.00000000000000       0.91186086975000002     
   507.50000000000000       0.91231450037499995     
   508.00000000000000       0.91276813099999998     
   508.50000000000000       0.91322176162500002     
   509.00000000000000       0.91367539225000005     
   509.50000000000000       0.91412902287499997     
   510.00000000000000       0.91458265350000001     
   510.50000000000000       0.91503628412500004     
   511.00000000000000       0.91548991474999997     
   511.50000000000000       0.91594354537500000     
   512.00000000000000       0.91639717600000004     
   512.50000000000000       0.91685080662500007     
   513.00000000000000       0.91730443724999999     
   513.50000000000000       0.91775806787500003     
   514.00000000000000       0.91821169850000006     
   514.50000000000000       0.91866532912499999     
   515.00000000000000       0.91911895975000002     
   515.50000000000000       0.91957259037500005     
   516.00000000000000       0.92002622099999998     
   516.50000000000000       0.92047985162500001     
   517.00000000000000       0.92093348225000005     
   517.50000000000000       0.92138711287499997     
   518.00000000000000       0.92184074350000000     
   518.50000000000000       0.92229437412500004     
   519.00000000000000       0.92274800475000007     
   519.50000000000000       0.92320163537500000     
   520.00000000000000       0.92365526600000003     
   520.50000000000000       0.92389034375000001     
   521.00000000000000       0.92412542149999999     
   521.50000000000000       0.92436049925000008     
   522.00000000000000       0.92459557700000006     
   522.50000000000000       0.92483065475000004     
   523.00000000000000       0.92506573250000002     
   523.50000000000000       0.92530081024999999     
   524.00000000000000       0.92553588799999997     
   524.50000000000000       0.92577096575000006     
   525.00000000000000       0.92600604350000004     
   525.50000000000000       0.92624112125000002     
   526.00000000000000       0.92647619900000000     
   526.50000000000000       0.92671127674999998     
   527.00000000000000       0.92694635449999996     
   527.50000000000000       0.92718143225000005     
   528.00000000000000       0.92741651000000003     
   528.50000000000000       0.92765158775000001     
   529.00000000000000       0.92788666549999999     
   529.50000000000000       0.92812174324999996     
   530.00000000000000       0.92835682099999994     
   530.50000000000000       0.92859189875000003     
   531.00000000000000       0.92882697650000001     
   531.50000000000000       0.92906205424999999     
   532.00000000000000       0.92929713199999997     
   532.50000000000000       0.92953220974999995     
   533.00000000000000       0.92976728750000004     
   533.50000000000000       0.93000236525000002     
   534.00000000000000       0.93023744300000000     
   534.50000000000000       0.93047252074999998     
   535.00000000000000       0.93070759849999996     
   535.50000000000000       0.93094267624999993     
   536.00000000000000       0.93117775400000002     
   536.50000000000000       0.93141283175000000     
   537.00000000000000       0.93164790949999998     
   537.50000000000000       0.93188298724999996     
   538.00000000000000       0.93211806499999994     
   538.50000000000000       0.93235314274999992     
   539.00000000000000       0.93258822050000001     
   539.50000000000000       0.93282329824999999     
   540.00000000000000       0.93305837599999997     
   540.50000000000000       0.93310817692499992     
   541.00000000000000       0.93315797784999999     
   541.50000000000000       0.93320777877499994     
   542.00000000000000       0.93325757970000001     
   542.50000000000000       0.93330738062499996     
   543.00000000000000       0.93335718155000003     
   543.50000000000000       0.93340698247499998     
   544.00000000000000       0.93345678339999993     
   544.50000000000000       0.93350658432500000     
   545.00000000000000       0.93355638524999995     
   545.50000000000000       0.93360618617500002     
   546.00000000000000       0.93365598709999997     
   546.50000000000000       0.93370578802500004     
   547.00000000000000       0.93375558894999999     
   547.50000000000000       0.93380538987499995     
   548.00000000000000       0.93385519080000001     
   548.50000000000000       0.93390499172499997     
   549.00000000000000       0.93395479265000003     
   549.50000000000000       0.93400459357499999     
   550.00000000000000       0.93405439449999994     
   550.50000000000000       0.93410419542500001     
   551.00000000000000       0.93415399634999996     
   551.50000000000000       0.93420379727500003     
   552.00000000000000       0.93425359819999998     
   552.50000000000000       0.93430339912500004     
   553.00000000000000       0.93435320005000000     
   553.50000000000000       0.93440300097499995     
   554.00000000000000       0.93445280190000002     
   554.50000000000000       0.93450260282499997     
   555.00000000000000       0.93455240375000004     
   555.50000000000000       0.93460220467499999     
   556.00000000000000       0.93465200560000006     
   556.50000000000000       0.93470180652500001     
   557.00000000000000       0.93475160744999997     
   557.50000000000000       0.93480140837500003     
   558.00000000000000       0.93485120929999999     
   558.50000000000000       0.93490101022500005     
   559.00000000000000       0.93495081115000001     
   559.50000000000000       0.93500061207500007     
   560.00000000000000       0.93505041300000002     
   560.50000000000000       0.93501928057500006     
   561.00000000000000       0.93498814814999998     
   561.50000000000000       0.93495701572500001     
   562.00000000000000       0.93492588330000004     
   562.50000000000000       0.93489475087500007     
   563.00000000000000       0.93486361844999999     
   563.50000000000000       0.93483248602500002     
   564.00000000000000       0.93480135360000005     
   564.50000000000000       0.93477022117500008     
   565.00000000000000       0.93473908875000000     
   565.50000000000000       0.93470795632500003     
   566.00000000000000       0.93467682390000006     
   566.50000000000000       0.93464569147499998     
   567.00000000000000       0.93461455905000002     
   567.50000000000000       0.93458342662500005     
   568.00000000000000       0.93455229420000008     
   568.50000000000000       0.93452116177500000     
   569.00000000000000       0.93449002935000003     
   569.50000000000000       0.93445889692500006     
   570.00000000000000       0.93442776450000009     
   570.50000000000000       0.93439663207500001     
   571.00000000000000       0.93436549965000004     
   571.50000000000000       0.93433436722500007     
   572.00000000000000       0.93430323479999999     
   572.50000000000000       0.93427210237500002     
   573.00000000000000       0.93424096995000006     
   573.50000000000000       0.93420983752500009     
   574.00000000000000       0.93417870510000001     
   574.50000000000000       0.93414757267500004     
   575.00000000000000       0.93411644025000007     
   575.50000000000000       0.93408530782499999     
   576.00000000000000       0.93405417540000002     
   576.50000000000000       0.93402304297500005     
   577.00000000000000       0.93399191055000008     
   577.50000000000000       0.93396077812500000     
   578.00000000000000       0.93392964570000003     
   578.50000000000000       0.93389851327500006     
   579.00000000000000       0.93386738085000010     
   579.50000000000000       0.93383624842500002     
   580.00000000000000       0.93380511600000005     
   580.50000000000000       0.93354491742500001     
   581.00000000000000       0.93328471885000008     
   581.50000000000000       0.93302452027500005     
   582.00000000000000       0.93276432170000001     
   582.50000000000000       0.93250412312500008     
   583.00000000000000       0.93224392455000005     
   583.50000000000000       0.93198372597500001     
   584.00000000000000       0.93172352740000008     
   584.50000000000000       0.93146332882500005     
   585.00000000000000       0.93120313025000001     
   585.50000000000000       0.93094293167500008     
   586.00000000000000       0.93068273310000005     
   586.50000000000000       0.93042253452500001     
   587.00000000000000       0.93016233595000009     
   587.50000000000000       0.92990213737500005     
   588.00000000000000       0.92964193880000001     
   588.50000000000000       0.92938174022500009     
   589.00000000000000       0.92912154165000005     
   589.50000000000000       0.92886134307500001     
   590.00000000000000       0.92860114449999998     
   590.50000000000000       0.92834094592500005     
   591.00000000000000       0.92808074735000001     
   591.50000000000000       0.92782054877499998     
   592.00000000000000       0.92756035020000005     
   592.50000000000000       0.92730015162500001     
   593.00000000000000       0.92703995304999998     
   593.50000000000000       0.92677975447500005     
   594.00000000000000       0.92651955590000001     
   594.50000000000000       0.92625935732499998     
   595.00000000000000       0.92599915875000005     
   595.50000000000000       0.92573896017500001     
   596.00000000000000       0.92547876159999998     
   596.50000000000000       0.92521856302500005     
   597.00000000000000       0.92495836445000001     
   597.50000000000000       0.92469816587499998     
   598.00000000000000       0.92443796730000005     
   598.50000000000000       0.92417776872500002     
   599.00000000000000       0.92391757014999998     
   599.50000000000000       0.92365737157500005     
   600.00000000000000       0.92339717300000002     
   600.50000000000000       0.92314226629999996     
   601.00000000000000       0.92288735960000001     
   601.50000000000000       0.92263245290000007     
   602.00000000000000       0.92237754620000001     
   602.50000000000000       0.92212263949999995     
   603.00000000000000       0.92186773280000001     
   603.50000000000000       0.92161282610000006     
   604.00000000000000       0.92135791940000000     
   604.50000000000000       0.92110301269999995     
   605.00000000000000       0.92084810600000000     
   605.50000000000000       0.92059319930000005     
   606.00000000000000       0.92033829260000000     
   606.50000000000000       0.92008338589999994     
   607.00000000000000       0.91982847919999999     
   607.50000000000000       0.91957357250000005     
   608.00000000000000       0.91931866579999999     
   608.50000000000000       0.91906375909999993     
   609.00000000000000       0.91880885239999999     
   609.50000000000000       0.91855394570000004     
   610.00000000000000       0.91829903899999998     
   610.50000000000000       0.91804413229999993     
   611.00000000000000       0.91778922559999998     
   611.50000000000000       0.91753431890000003     
   612.00000000000000       0.91727941219999998     
   612.50000000000000       0.91702450549999992     
   613.00000000000000       0.91676959879999997     
   613.50000000000000       0.91651469210000003     
   614.00000000000000       0.91625978539999997     
   614.50000000000000       0.91600487869999991     
   615.00000000000000       0.91574997199999997     
   615.50000000000000       0.91549506530000002     
   616.00000000000000       0.91524015859999996     
   616.50000000000000       0.91498525189999991     
   617.00000000000000       0.91473034519999996     
   617.50000000000000       0.91447543850000002     
   618.00000000000000       0.91422053179999996     
   618.50000000000000       0.91396562509999990     
   619.00000000000000       0.91371071839999995     
   619.50000000000000       0.91345581170000001     
   620.00000000000000       0.91320090499999995     
   620.50000000000000       0.91270943402499993     
   621.00000000000000       0.91221796304999991     
   621.50000000000000       0.91172649207500001     
   622.00000000000000       0.91123502109999999     
   622.50000000000000       0.91074355012499997     
   623.00000000000000       0.91025207914999995     
   623.50000000000000       0.90976060817499993     
   624.00000000000000       0.90926913719999991     
   624.50000000000000       0.90877766622500000     
   625.00000000000000       0.90828619524999998     
   625.50000000000000       0.90779472427499996     
   626.00000000000000       0.90730325329999995     
   626.50000000000000       0.90681178232499993     
   627.00000000000000       0.90632031134999991     
   627.50000000000000       0.90582884037500000     
   628.00000000000000       0.90533736939999998     
   628.50000000000000       0.90484589842499996     
   629.00000000000000       0.90435442744999994     
   629.50000000000000       0.90386295647499992     
   630.00000000000000       0.90337148549999990     
   630.50000000000000       0.90288001452500000     
   631.00000000000000       0.90238854354999998     
   631.50000000000000       0.90189707257499996     
   632.00000000000000       0.90140560159999994     
   632.50000000000000       0.90091413062499992     
   633.00000000000000       0.90042265965000001     
   633.50000000000000       0.89993118867499999     
   634.00000000000000       0.89943971769999997     
   634.50000000000000       0.89894824672499996     
   635.00000000000000       0.89845677574999994     
   635.50000000000000       0.89796530477499992     
   636.00000000000000       0.89747383380000001     
   636.50000000000000       0.89698236282499999     
   637.00000000000000       0.89649089184999997     
   637.50000000000000       0.89599942087499995     
   638.00000000000000       0.89550794989999993     
   638.50000000000000       0.89501647892499991     
   639.00000000000000       0.89452500795000001     
   639.50000000000000       0.89403353697499999     
   640.00000000000000       0.89354206599999997     
   640.50000000000000       0.89289869962500001     
   641.00000000000000       0.89225533324999995     
   641.50000000000000       0.89161196687499999     
   642.00000000000000       0.89096860049999993     
   642.50000000000000       0.89032523412499998     
   643.00000000000000       0.88968186775000002     
   643.50000000000000       0.88903850137499996     
   644.00000000000000       0.88839513500000000     
   644.50000000000000       0.88775176862499994     
   645.00000000000000       0.88710840224999998     
   645.50000000000000       0.88646503587500003     
   646.00000000000000       0.88582166949999996     
   646.50000000000000       0.88517830312500001     
   647.00000000000000       0.88453493674999994     
   647.50000000000000       0.88389157037499999     
   648.00000000000000       0.88324820400000004     
   648.50000000000000       0.88260483762499997     
   649.00000000000000       0.88196147125000002     
   649.50000000000000       0.88131810487499995     
   650.00000000000000       0.88067473850000000     
   650.50000000000000       0.88003137212500004     
   651.00000000000000       0.87938800574999998     
   651.50000000000000       0.87874463937500003     
   652.00000000000000       0.87810127299999996     
   652.50000000000000       0.87745790662500001     
   653.00000000000000       0.87681454025000005     
   653.50000000000000       0.87617117387499999     
   654.00000000000000       0.87552780750000003     
   654.50000000000000       0.87488444112499997     
   655.00000000000000       0.87424107475000001     
   655.50000000000000       0.87359770837500006     
   656.00000000000000       0.87295434199999999     
   656.50000000000000       0.87231097562500004     
   657.00000000000000       0.87166760924999998     
   657.50000000000000       0.87102424287500002     
   658.00000000000000       0.87038087650000007     
   658.50000000000000       0.86973751012500000     
   659.00000000000000       0.86909414375000005     
   659.50000000000000       0.86845077737499998     
   660.00000000000000       0.86780741100000003     
   660.50000000000000       0.86694952060000008     
   661.00000000000000       0.86609163020000002     
   661.50000000000000       0.86523373980000007     
   662.00000000000000       0.86437584940000001     
   662.50000000000000       0.86351795900000006     
   663.00000000000000       0.86266006860000000     
   663.50000000000000       0.86180217820000005     
   664.00000000000000       0.86094428779999999     
   664.50000000000000       0.86008639740000004     
   665.00000000000000       0.85922850700000009     
   665.50000000000000       0.85837061660000002     
   666.00000000000000       0.85751272620000007     
   666.50000000000000       0.85665483580000001     
   667.00000000000000       0.85579694540000006     
   667.50000000000000       0.85493905500000000     
   668.00000000000000       0.85408116460000005     
   668.50000000000000       0.85322327419999999     
   669.00000000000000       0.85236538380000004     
   669.50000000000000       0.85150749339999998     
   670.00000000000000       0.85064960300000003     
   670.50000000000000       0.84979171260000008     
   671.00000000000000       0.84893382220000002     
   671.50000000000000       0.84807593180000007     
   672.00000000000000       0.84721804140000001     
   672.50000000000000       0.84636015100000006     
   673.00000000000000       0.84550226060000000     
   673.50000000000000       0.84464437020000005     
   674.00000000000000       0.84378647979999999     
   674.50000000000000       0.84292858940000004     
   675.00000000000000       0.84207069899999998     
   675.50000000000000       0.84121280860000003     
   676.00000000000000       0.84035491820000008     
   676.50000000000000       0.83949702780000002     
   677.00000000000000       0.83863913740000007     
   677.50000000000000       0.83778124700000001     
   678.00000000000000       0.83692335660000006     
   678.50000000000000       0.83606546620000000     
   679.00000000000000       0.83520757580000005     
   679.50000000000000       0.83434968539999999     
   680.00000000000000       0.83349179500000004     
   680.50000000000000       0.83246878582500006     
   681.00000000000000       0.83144577665000008     
   681.50000000000000       0.83042276747499999     
   682.00000000000000       0.82939975830000001     
   682.50000000000000       0.82837674912500003     
   683.00000000000000       0.82735373995000006     
   683.50000000000000       0.82633073077500008     
   684.00000000000000       0.82530772159999999     
   684.50000000000000       0.82428471242500001     
   685.00000000000000       0.82326170325000003     
   685.50000000000000       0.82223869407500005     
   686.00000000000000       0.82121568490000008     
   686.50000000000000       0.82019267572499999     
   687.00000000000000       0.81916966655000001     
   687.50000000000000       0.81814665737500003     
   688.00000000000000       0.81712364820000005     
   688.50000000000000       0.81610063902500007     
   689.00000000000000       0.81507762984999999     
   689.50000000000000       0.81405462067500001     
   690.00000000000000       0.81303161150000003     
   690.50000000000000       0.81200860232500005     
   691.00000000000000       0.81098559315000007     
   691.50000000000000       0.80996258397499998     
   692.00000000000000       0.80893957480000001     
   692.50000000000000       0.80791656562500003     
   693.00000000000000       0.80689355645000005     
   693.50000000000000       0.80587054727500007     
   694.00000000000000       0.80484753809999998     
   694.50000000000000       0.80382452892500000     
   695.00000000000000       0.80280151975000003     
   695.50000000000000       0.80177851057500005     
   696.00000000000000       0.80075550140000007     
   696.50000000000000       0.79973249222499998     
   697.00000000000000       0.79870948305000000     
   697.50000000000000       0.79768647387500002     
   698.00000000000000       0.79666346470000005     
   698.50000000000000       0.79564045552500007     
   699.00000000000000       0.79461744634999998     
   699.50000000000000       0.79359443717500000     
   700.00000000000000       0.79257142800000002     
   700.50000000000000       0.79156891552500008     
   701.00000000000000       0.79056640305000003     
   701.50000000000000       0.78956389057499998     
   702.00000000000000       0.78856137810000004     
   702.50000000000000       0.78755886562499999     
   703.00000000000000       0.78655635315000005     
   703.50000000000000       0.78555384067500000     
   704.00000000000000       0.78455132820000006     
   704.50000000000000       0.78354881572500001     
   705.00000000000000       0.78254630325000007     
   705.50000000000000       0.78154379077500002     
   706.00000000000000       0.78054127829999997     
   706.50000000000000       0.77953876582500004     
   707.00000000000000       0.77853625334999998     
   707.50000000000000       0.77753374087500005     
   708.00000000000000       0.77653122840000000     
   708.50000000000000       0.77552871592500006     
   709.00000000000000       0.77452620345000001     
   709.50000000000000       0.77352369097500007     
   710.00000000000000       0.77252117850000002     
   710.50000000000000       0.77151866602499997     
   711.00000000000000       0.77051615355000003     
   711.50000000000000       0.76951364107499998     
   712.00000000000000       0.76851112860000004     
   712.50000000000000       0.76750861612499999     
   713.00000000000000       0.76650610365000005     
   713.50000000000000       0.76550359117500000     
   714.00000000000000       0.76450107870000006     
   714.50000000000000       0.76349856622500001     
   715.00000000000000       0.76249605375000007     
   715.50000000000000       0.76149354127500002     
   716.00000000000000       0.76049102879999997     
   716.50000000000000       0.75948851632500003     
   717.00000000000000       0.75848600384999998     
   717.50000000000000       0.75748349137500004     
   718.00000000000000       0.75648097889999999     
   718.50000000000000       0.75547846642500005     
   719.00000000000000       0.75447595395000000     
   719.50000000000000       0.75347344147500006     
   720.00000000000000       0.75247092900000001     
   720.50000000000000       0.75156340634999996     
   721.00000000000000       0.75065588370000003     
   721.50000000000000       0.74974836104999998     
   722.00000000000000       0.74884083840000004     
   722.50000000000000       0.74793331574999999     
   723.00000000000000       0.74702579310000006     
   723.50000000000000       0.74611827045000001     
   724.00000000000000       0.74521074779999996     
   724.50000000000000       0.74430322515000003     
   725.00000000000000       0.74339570249999998     
   725.50000000000000       0.74248817985000004     
   726.00000000000000       0.74158065719999999     
   726.50000000000000       0.74067313455000006     
   727.00000000000000       0.73976561190000001     
   727.50000000000000       0.73885808924999996     
   728.00000000000000       0.73795056660000002     
   728.50000000000000       0.73704304394999998     
   729.00000000000000       0.73613552130000004     
   729.50000000000000       0.73522799864999999     
   730.00000000000000       0.73432047599999994     
   730.50000000000000       0.73341295335000001     
   731.00000000000000       0.73250543069999996     
   731.50000000000000       0.73159790805000002     
   732.00000000000000       0.73069038539999998     
   732.50000000000000       0.72978286275000004     
   733.00000000000000       0.72887534009999999     
   733.50000000000000       0.72796781744999994     
   734.00000000000000       0.72706029480000001     
   734.50000000000000       0.72615277214999996     
   735.00000000000000       0.72524524950000002     
   735.50000000000000       0.72433772684999997     
   736.00000000000000       0.72343020420000004     
   736.50000000000000       0.72252268154999999     
   737.00000000000000       0.72161515889999994     
   737.50000000000000       0.72070763625000001     
   738.00000000000000       0.71980011359999996     
   738.50000000000000       0.71889259095000002     
   739.00000000000000       0.71798506829999997     
   739.50000000000000       0.71707754565000004     
   740.00000000000000       0.71617002299999999     
   740.50000000000000       0.71503198660000000     
   741.00000000000000       0.71389395020000002     
   741.50000000000000       0.71275591380000003     
   742.00000000000000       0.71161787739999993     
   742.50000000000000       0.71047984099999995     
   743.00000000000000       0.70934180459999996     
   743.50000000000000       0.70820376819999997     
   744.00000000000000       0.70706573179999999     
   744.50000000000000       0.70592769540000000     
   745.00000000000000       0.70478965900000001     
   745.50000000000000       0.70365162260000003     
   746.00000000000000       0.70251358620000004     
   746.50000000000000       0.70137554979999994     
   747.00000000000000       0.70023751339999996     
   747.50000000000000       0.69909947699999997     
   748.00000000000000       0.69796144059999998     
   748.50000000000000       0.69682340420000000     
   749.00000000000000       0.69568536780000001     
   749.50000000000000       0.69454733140000002     
   750.00000000000000       0.69340929499999993     
   750.50000000000000       0.69227125859999994     
   751.00000000000000       0.69113322219999995     
   751.50000000000000       0.68999518579999997     
   752.00000000000000       0.68885714939999998     
   752.50000000000000       0.68771911299999999     
   753.00000000000000       0.68658107660000001     
   753.50000000000000       0.68544304020000002     
   754.00000000000000       0.68430500380000003     
   754.50000000000000       0.68316696739999994     
   755.00000000000000       0.68202893099999995     
   755.50000000000000       0.68089089459999996     
   756.00000000000000       0.67975285819999998     
   756.50000000000000       0.67861482179999999     
   757.00000000000000       0.67747678540000000     
   757.50000000000000       0.67633874900000002     
   758.00000000000000       0.67520071259999992     
   758.50000000000000       0.67406267619999993     
   759.00000000000000       0.67292463979999995     
   759.50000000000000       0.67178660339999996     
   760.00000000000000       0.67064856699999997     
   760.50000000000000       0.66954198575000001     
   761.00000000000000       0.66843540449999994     
   761.50000000000000       0.66732882324999998     
   762.00000000000000       0.66622224200000002     
   762.50000000000000       0.66511566074999995     
   763.00000000000000       0.66400907949999999     
   763.50000000000000       0.66290249825000003     
   764.00000000000000       0.66179591699999996     
   764.50000000000000       0.66068933575000000     
   765.00000000000000       0.65958275449999992     
   765.50000000000000       0.65847617324999996     
   766.00000000000000       0.65736959200000000     
   766.50000000000000       0.65626301074999993     
   767.00000000000000       0.65515642949999997     
   767.50000000000000       0.65404984825000001     
   768.00000000000000       0.65294326699999994     
   768.50000000000000       0.65183668574999998     
   769.00000000000000       0.65073010450000002     
   769.50000000000000       0.64962352324999995     
   770.00000000000000       0.64851694199999999     
   770.50000000000000       0.64741036075000002     
   771.00000000000000       0.64630377949999995     
   771.50000000000000       0.64519719824999999     
   772.00000000000000       0.64409061700000003     
   772.50000000000000       0.64298403574999996     
   773.00000000000000       0.64187745450000000     
   773.50000000000000       0.64077087325000004     
   774.00000000000000       0.63966429199999997     
   774.50000000000000       0.63855771075000001     
   775.00000000000000       0.63745112950000005     
   775.50000000000000       0.63634454824999998     
   776.00000000000000       0.63523796700000001     
   776.50000000000000       0.63413138574999994     
   777.00000000000000       0.63302480449999998     
   777.50000000000000       0.63191822325000002     
   778.00000000000000       0.63081164199999995     
   778.50000000000000       0.62970506074999999     
   779.00000000000000       0.62859847950000003     
   779.50000000000000       0.62749189824999996     
   780.00000000000000       0.62638531700000000     
   780.50000000000000       0.62497194182500004     
   781.00000000000000       0.62355856664999998     
   781.50000000000000       0.62214519147500003     
   782.00000000000000       0.62073181629999996     
   782.50000000000000       0.61931844112500001     
   783.00000000000000       0.61790506595000005     
   783.50000000000000       0.61649169077499999     
   784.00000000000000       0.61507831560000004     
   784.50000000000000       0.61366494042499997     
   785.00000000000000       0.61225156525000002     
   785.50000000000000       0.61083819007499995     
   786.00000000000000       0.60942481490000000     
   786.50000000000000       0.60801143972500005     
   787.00000000000000       0.60659806454999998     
   787.50000000000000       0.60518468937500003     
   788.00000000000000       0.60377131419999996     
   788.50000000000000       0.60235793902500001     
   789.00000000000000       0.60094456384999995     
   789.50000000000000       0.59953118867499999     
   790.00000000000000       0.59811781350000004     
   790.50000000000000       0.59670443832499998     
   791.00000000000000       0.59529106315000002     
   791.50000000000000       0.59387768797499996     
   792.00000000000000       0.59246431280000000     
   792.50000000000000       0.59105093762499994     
   793.00000000000000       0.58963756244999999     
   793.50000000000000       0.58822418727500003     
   794.00000000000000       0.58681081209999997     
   794.50000000000000       0.58539743692500001     
   795.00000000000000       0.58398406174999995     
   795.50000000000000       0.58257068657500000     
   796.00000000000000       0.58115731139999993     
   796.50000000000000       0.57974393622499998     
   797.00000000000000       0.57833056105000002     
   797.50000000000000       0.57691718587499996     
   798.00000000000000       0.57550381070000001     
   798.50000000000000       0.57409043552499994     
   799.00000000000000       0.57267706034999999     
   799.50000000000000       0.57126368517499992     
   800.00000000000000       0.56985030999999997     
   800.50000000000000       0.56861500007499999     
   801.00000000000000       0.56737969015000000     
   801.50000000000000       0.56614438022500002     
   802.00000000000000       0.56490907029999993     
   802.50000000000000       0.56367376037499994     
   803.00000000000000       0.56243845044999996     
   803.50000000000000       0.56120314052499998     
   804.00000000000000       0.55996783059999999     
   804.50000000000000       0.55873252067500001     
   805.00000000000000       0.55749721075000003     
   805.50000000000000       0.55626190082499993     
   806.00000000000000       0.55502659089999995     
   806.50000000000000       0.55379128097499997     
   807.00000000000000       0.55255597104999998     
   807.50000000000000       0.55132066112500000     
   808.00000000000000       0.55008535120000002     
   808.50000000000000       0.54885004127499992     
   809.00000000000000       0.54761473134999994     
   809.50000000000000       0.54637942142499996     
   810.00000000000000       0.54514411149999997     
   810.50000000000000       0.54390880157499999     
   811.00000000000000       0.54267349165000001     
   811.50000000000000       0.54143818172500002     
   812.00000000000000       0.54020287179999993     
   812.50000000000000       0.53896756187499995     
   813.00000000000000       0.53773225194999996     
   813.50000000000000       0.53649694202499998     
   814.00000000000000       0.53526163210000000     
   814.50000000000000       0.53402632217500001     
   815.00000000000000       0.53279101224999992     
   815.50000000000000       0.53155570232499993     
   816.00000000000000       0.53032039239999995     
   816.50000000000000       0.52908508247499997     
   817.00000000000000       0.52784977254999998     
   817.50000000000000       0.52661446262500000     
   818.00000000000000       0.52537915270000002     
   818.50000000000000       0.52414384277499992     
   819.00000000000000       0.52290853284999994     
   819.50000000000000       0.52167322292499996     
   820.00000000000000       0.52043791299999997     
   820.50000000000000       0.51893721309999996     
   821.00000000000000       0.51743651319999995     
   821.50000000000000       0.51593581329999993     
   822.00000000000000       0.51443511340000003     
   822.50000000000000       0.51293441350000002     
   823.00000000000000       0.51143371360000001     
   823.50000000000000       0.50993301369999999     
   824.00000000000000       0.50843231379999998     
   824.50000000000000       0.50693161389999997     
   825.00000000000000       0.50543091399999995     
   825.50000000000000       0.50393021409999994     
   826.00000000000000       0.50242951419999993     
   826.50000000000000       0.50092881430000002     
   827.00000000000000       0.49942811440000001     
   827.50000000000000       0.49792741450000000     
   828.00000000000000       0.49642671459999999     
   828.50000000000000       0.49492601469999997     
   829.00000000000000       0.49342531479999996     
   829.50000000000000       0.49192461490000000     
   830.00000000000000       0.49042391499999999     
   830.50000000000000       0.48892321509999997     
   831.00000000000000       0.48742251520000002     
   831.50000000000000       0.48592181530000000     
   832.00000000000000       0.48442111539999999     
   832.50000000000000       0.48292041549999998     
   833.00000000000000       0.48141971559999996     
   833.50000000000000       0.47991901570000001     
   834.00000000000000       0.47841831579999999     
   834.50000000000000       0.47691761589999998     
   835.00000000000000       0.47541691600000002     
   835.50000000000000       0.47391621610000001     
   836.00000000000000       0.47241551620000000     
   836.50000000000000       0.47091481629999998     
   837.00000000000000       0.46941411639999997     
   837.50000000000000       0.46791341650000001     
   838.00000000000000       0.46641271660000000     
   838.50000000000000       0.46491201669999999     
   839.00000000000000       0.46341131680000003     
   839.50000000000000       0.46191061690000002     
   840.00000000000000       0.46040991700000000     
   840.50000000000000       0.45904361657500004     
   841.00000000000000       0.45767731615000001     
   841.50000000000000       0.45631101572499999     
   842.00000000000000       0.45494471530000002     
   842.50000000000000       0.45357841487500000     
   843.00000000000000       0.45221211444999998     
   843.50000000000000       0.45084581402500001     
   844.00000000000000       0.44947951359999999     
   844.50000000000000       0.44811321317500002     
   845.00000000000000       0.44674691275000000     
   845.50000000000000       0.44538061232500004     
   846.00000000000000       0.44401431190000001     
   846.50000000000000       0.44264801147499999     
   847.00000000000000       0.44128171105000003     
   847.50000000000000       0.43991541062500000     
   848.00000000000000       0.43854911019999998     
   848.50000000000000       0.43718280977500001     
   849.00000000000000       0.43581650934999999     
   849.50000000000000       0.43445020892500003     
   850.00000000000000       0.43308390850000000     
   850.50000000000000       0.43171760807499998     
   851.00000000000000       0.43035130765000001     
   851.50000000000000       0.42898500722499999     
   852.00000000000000       0.42761870680000003     
   852.50000000000000       0.42625240637500000     
   853.00000000000000       0.42488610594999998     
   853.50000000000000       0.42351980552500001     
   854.00000000000000       0.42215350509999999     
   854.50000000000000       0.42078720467500003     
   855.00000000000000       0.41942090425000000     
   855.50000000000000       0.41805460382499998     
   856.00000000000000       0.41668830340000002     
   856.50000000000000       0.41532200297499999     
   857.00000000000000       0.41395570255000003     
   857.50000000000000       0.41258940212500000     
   858.00000000000000       0.41122310169999998     
   858.50000000000000       0.40985680127500002     
   859.00000000000000       0.40849050084999999     
   859.50000000000000       0.40712420042500003     
   860.00000000000000       0.40575790000000000     
   860.50000000000000       0.40426818554999999     
   861.00000000000000       0.40277847109999998     
   861.50000000000000       0.40128875665000002     
   862.00000000000000       0.39979904220000001     
   862.50000000000000       0.39830932775000000     
   863.00000000000000       0.39681961329999998     
   863.50000000000000       0.39532989885000003     
   864.00000000000000       0.39384018440000002     
   864.50000000000000       0.39235046995000000     
   865.00000000000000       0.39086075549999999     
   865.50000000000000       0.38937104104999998     
   866.00000000000000       0.38788132660000002     
   866.50000000000000       0.38639161215000001     
   867.00000000000000       0.38490189770000000     
   867.50000000000000       0.38341218324999998     
   868.00000000000000       0.38192246880000003     
   868.50000000000000       0.38043275435000001     
   869.00000000000000       0.37894303990000000     
   869.50000000000000       0.37745332544999999     
   870.00000000000000       0.37596361099999998     
   870.50000000000000       0.37447389655000002     
   871.00000000000000       0.37298418210000001     
   871.50000000000000       0.37149446764999999     
   872.00000000000000       0.37000475319999998     
   872.50000000000000       0.36851503875000002     
   873.00000000000000       0.36702532430000001     
   873.50000000000000       0.36553560985000000     
   874.00000000000000       0.36404589539999999     
   874.50000000000000       0.36255618094999997     
   875.00000000000000       0.36106646650000002     
   875.50000000000000       0.35957675205000000     
   876.00000000000000       0.35808703759999999     
   876.50000000000000       0.35659732314999998     
   877.00000000000000       0.35510760870000002     
   877.50000000000000       0.35361789425000001     
   878.00000000000000       0.35212817980000000     
   878.50000000000000       0.35063846534999998     
   879.00000000000000       0.34914875090000003     
   879.50000000000000       0.34765903645000001     
   880.00000000000000       0.34616932200000000     
   880.50000000000000       0.34443374052499998     
   881.00000000000000       0.34269815905000001     
   881.50000000000000       0.34096257757500004     
   882.00000000000000       0.33922699610000001     
   882.50000000000000       0.33749141462499999     
   883.00000000000000       0.33575583315000002     
   883.50000000000000       0.33402025167499999     
   884.00000000000000       0.33228467020000002     
   884.50000000000000       0.33054908872500000     
   885.00000000000000       0.32881350725000003     
   885.50000000000000       0.32707792577500000     
   886.00000000000000       0.32534234429999997     
   886.50000000000000       0.32360676282500001     
   887.00000000000000       0.32187118134999998     
   887.50000000000000       0.32013559987500001     
   888.00000000000000       0.31840001839999998     
   888.50000000000000       0.31666443692500001     
   889.00000000000000       0.31492885544999999     
   889.50000000000000       0.31319327397500002     
   890.00000000000000       0.31145769249999999     
   890.50000000000000       0.30972211102500002     
   891.00000000000000       0.30798652955000000     
   891.50000000000000       0.30625094807499997     
   892.00000000000000       0.30451536660000000     
   892.50000000000000       0.30277978512499998     
   893.00000000000000       0.30104420365000001     
   893.50000000000000       0.29930862217499998     
   894.00000000000000       0.29757304070000001     
   894.50000000000000       0.29583745922499999     
   895.00000000000000       0.29410187774999996     
   895.50000000000000       0.29236629627499999     
   896.00000000000000       0.29063071479999997     
   896.50000000000000       0.28889513332500000     
   897.00000000000000       0.28715955184999997     
   897.50000000000000       0.28542397037500000     
   898.00000000000000       0.28368838889999998     
   898.50000000000000       0.28195280742500001     
   899.00000000000000       0.28021722594999998     
   899.50000000000000       0.27848164447500001     
   900.00000000000000       0.27674606299999999     
   900.50000000000000       0.27535175019999997     
   901.00000000000000       0.27395743740000000     
   901.50000000000000       0.27256312459999998     
   902.00000000000000       0.27116881179999996     
   902.50000000000000       0.26977449900000000     
   903.00000000000000       0.26838018619999998     
   903.50000000000000       0.26698587339999996     
   904.00000000000000       0.26559156060000000     
   904.50000000000000       0.26419724779999998     
   905.00000000000000       0.26280293499999996     
   905.50000000000000       0.26140862220000000     
   906.00000000000000       0.26001430939999998     
   906.50000000000000       0.25861999660000001     
   907.00000000000000       0.25722568379999999     
   907.50000000000000       0.25583137099999997     
   908.00000000000000       0.25443705819999995     
   908.50000000000000       0.25304274539999999     
   909.00000000000000       0.25164843259999997     
   909.50000000000000       0.25025411980000001     
   910.00000000000000       0.24885980699999999     
   910.50000000000000       0.24746549420000000     
   911.00000000000000       0.24607118139999998     
   911.50000000000000       0.24467686859999999     
   912.00000000000000       0.24328255579999999     
   912.50000000000000       0.24188824300000000     
   913.00000000000000       0.24049393019999998     
   913.50000000000000       0.23909961739999999     
   914.00000000000000       0.23770530460000000     
   914.50000000000000       0.23631099179999998     
   915.00000000000000       0.23491667899999999     
   915.50000000000000       0.23352236620000000     
   916.00000000000000       0.23212805339999998     
   916.50000000000000       0.23073374059999999     
   917.00000000000000       0.22933942780000000     
   917.50000000000000       0.22794511499999998     
   918.00000000000000       0.22655080219999998     
   918.50000000000000       0.22515648939999999     
   919.00000000000000       0.22376217660000000     
   919.50000000000000       0.22236786379999998     
   920.00000000000000       0.22097355099999999     
   920.50000000000000       0.21971369382500000     
   921.00000000000000       0.21845383664999998     
   921.50000000000000       0.21719397947499999     
   922.00000000000000       0.21593412230000000     
   922.50000000000000       0.21467426512499999     
   923.00000000000000       0.21341440795000000     
   923.50000000000000       0.21215455077500001     
   924.00000000000000       0.21089469359999999     
   924.50000000000000       0.20963483642500000     
   925.00000000000000       0.20837497924999998     
   925.50000000000000       0.20711512207499999     
   926.00000000000000       0.20585526490000000     
   926.50000000000000       0.20459540772500001     
   927.00000000000000       0.20333555054999999     
   927.50000000000000       0.20207569337500000     
   928.00000000000000       0.20081583619999999     
   928.50000000000000       0.19955597902500000     
   929.00000000000000       0.19829612185000001     
   929.50000000000000       0.19703626467499999     
   930.00000000000000       0.19577640750000000     
   930.50000000000000       0.19451655032500001     
   931.00000000000000       0.19325669314999999     
   931.50000000000000       0.19199683597500000     
   932.00000000000000       0.19073697880000001     
   932.50000000000000       0.18947712162499999     
   933.00000000000000       0.18821726445000000     
   933.50000000000000       0.18695740727500001     
   934.00000000000000       0.18569755010000000     
   934.50000000000000       0.18443769292500001     
   935.00000000000000       0.18317783575000002     
   935.50000000000000       0.18191797857500000     
   936.00000000000000       0.18065812140000001     
   936.50000000000000       0.17939826422499999     
   937.00000000000000       0.17813840705000000     
   937.50000000000000       0.17687854987500001     
   938.00000000000000       0.17561869270000000     
   938.50000000000000       0.17435883552500001     
   939.00000000000000       0.17309897835000002     
   939.50000000000000       0.17183912117500000     
   940.00000000000000       0.17057926400000001     
   940.50000000000000       0.16955229322500001     
   941.00000000000000       0.16852532245000001     
   941.50000000000000       0.16749835167499999     
   942.00000000000000       0.16647138090000002     
   942.50000000000000       0.16544441012500000     
   943.00000000000000       0.16441743935000000     
   943.50000000000000       0.16339046857500000     
   944.00000000000000       0.16236349780000001     
   944.50000000000000       0.16133652702500001     
   945.00000000000000       0.16030955625000001     
   945.50000000000000       0.15928258547500002     
   946.00000000000000       0.15825561469999999     
   946.50000000000000       0.15722864392499999     
   947.00000000000000       0.15620167315000000     
   947.50000000000000       0.15517470237500000     
   948.00000000000000       0.15414773160000000     
   948.50000000000000       0.15312076082500001     
   949.00000000000000       0.15209379005000001     
   949.50000000000000       0.15106681927500001     
   950.00000000000000       0.15003984850000002     
   950.50000000000000       0.14901287772499999     
   951.00000000000000       0.14798590695000000     
   951.50000000000000       0.14695893617500000     
   952.00000000000000       0.14593196540000000     
   952.50000000000000       0.14490499462500001     
   953.00000000000000       0.14387802385000001     
   953.50000000000000       0.14285105307500001     
   954.00000000000000       0.14182408229999999     
   954.50000000000000       0.14079711152499999     
   955.00000000000000       0.13977014074999999     
   955.50000000000000       0.13874316997500000     
   956.00000000000000       0.13771619920000000     
   956.50000000000000       0.13668922842500000     
   957.00000000000000       0.13566225765000001     
   957.50000000000000       0.13463528687500001     
   958.00000000000000       0.13360831610000001     
   958.50000000000000       0.13258134532499999     
   959.00000000000000       0.13155437454999999     
   959.50000000000000       0.13052740377499999     
   960.00000000000000       0.12950043300000000     
   960.50000000000000       0.12863994282499999     
   961.00000000000000       0.12777945265000001     
   961.50000000000000       0.12691896247500001     
   962.00000000000000       0.12605847230000000     
   962.50000000000000       0.12519798212500000     
   963.00000000000000       0.12433749195000000     
   963.50000000000000       0.12347700177500000     
   964.00000000000000       0.12261651160000001     
   964.50000000000000       0.12175602142500000     
   965.00000000000000       0.12089553124999999     
   965.50000000000000       0.12003504107500000     
   966.00000000000000       0.11917455090000000     
   966.50000000000000       0.11831406072500000     
   967.00000000000000       0.11745357055000000     
   967.50000000000000       0.11659308037499999     
   968.00000000000000       0.11573259020000000     
   968.50000000000000       0.11487210002499999     
   969.00000000000000       0.11401160985000000     
   969.50000000000000       0.11315111967499999     
   970.00000000000000       0.11229062949999999     
   970.50000000000000       0.11143013932500000     
   971.00000000000000       0.11056964914999999     
   971.50000000000000       0.10970915897500000     
   972.00000000000000       0.10884866879999999     
   972.50000000000000       0.10798817862500000     
   973.00000000000000       0.10712768844999999     
   973.50000000000000       0.10626719827500000     
   974.00000000000000       0.10540670810000000     
   974.50000000000000       0.10454621792499999     
   975.00000000000000       0.10368572775000000     
   975.50000000000000       0.10282523757499999     
   976.00000000000000       0.10196474740000000     
   976.50000000000000       0.10110425722499999     
   977.00000000000000       0.10024376704999999     
   977.50000000000000        9.9383276874999996E-002
   978.00000000000000        9.8522786699999990E-002
   978.50000000000000        9.7662296524999997E-002
   979.00000000000000        9.6801806349999991E-002
   979.50000000000000        9.5941316174999999E-002
   980.00000000000000        9.5080825999999993E-002
   980.50000000000000        9.4354271150000002E-002
   981.00000000000000        9.3627716299999997E-002
   981.50000000000000        9.2901161449999992E-002
   982.00000000000000        9.2174606599999986E-002
   982.50000000000000        9.1448051749999995E-002
   983.00000000000000        9.0721496899999990E-002
   983.50000000000000        8.9994942049999999E-002
   984.00000000000000        8.9268387199999993E-002
   984.50000000000000        8.8541832349999988E-002
   985.00000000000000        8.7815277499999997E-002
   985.50000000000000        8.7088722649999992E-002
   986.00000000000000        8.6362167800000000E-002
   986.50000000000000        8.5635612949999995E-002
   987.00000000000000        8.4909058099999990E-002
   987.50000000000000        8.4182503249999985E-002
   988.00000000000000        8.3455948399999993E-002
   988.50000000000000        8.2729393550000002E-002
   989.00000000000000        8.2002838699999997E-002
   989.50000000000000        8.1276283849999992E-002
   990.00000000000000        8.0549728999999987E-002
   990.50000000000000        7.9823174149999995E-002
   991.00000000000000        7.9096619299999990E-002
   991.50000000000000        7.8370064449999999E-002
   992.00000000000000        7.7643509599999994E-002
   992.50000000000000        7.6916954749999988E-002
   993.00000000000000        7.6190399899999997E-002
   993.50000000000000        7.5463845049999992E-002
   994.00000000000000        7.4737290200000001E-002
   994.50000000000000        7.4010735349999995E-002
   995.00000000000000        7.3284180499999990E-002
   995.50000000000000        7.2557625649999999E-002
   996.00000000000000        7.1831070799999994E-002
   996.50000000000000        7.1104515949999988E-002
   997.00000000000000        7.0377961099999997E-002
   997.50000000000000        6.9651406249999992E-002
   998.00000000000000        6.8924851399999987E-002
   998.50000000000000        6.8198296549999995E-002
   999.00000000000000        6.7471741699999990E-002
   999.50000000000000        6.6745186849999999E-002
   1000.0000000000000        6.6018631999999994E-002
   1000.5000000000000        6.5413315849999987E-002
   1001.0000000000000        6.4807999699999994E-002
   1001.5000000000000        6.4202683550000000E-002
   1002.0000000000000        6.3597367399999993E-002
   1002.5000000000000        6.2992051250000000E-002
   1003.0000000000000        6.2386735099999993E-002
   1003.5000000000000        6.1781418950000000E-002
   1004.0000000000000        6.1176102799999993E-002
   1004.5000000000000        6.0570786650000000E-002
   1005.0000000000000        5.9965470499999993E-002
   1005.5000000000000        5.9360154350000000E-002
   1006.0000000000000        5.8754838199999992E-002
   1006.5000000000000        5.8149522049999999E-002
   1007.0000000000000        5.7544205899999999E-002
   1007.5000000000000        5.6938889749999999E-002
   1008.0000000000000        5.6333573599999999E-002
   1008.5000000000000        5.5728257449999999E-002
   1009.0000000000000        5.5122941299999999E-002
   1009.5000000000000        5.4517625149999999E-002
   1010.0000000000000        5.3912308999999999E-002
   1010.5000000000000        5.3306992849999998E-002
   1011.0000000000000        5.2701676699999998E-002
   1011.5000000000000        5.2096360549999998E-002
   1012.0000000000000        5.1491044399999998E-002
   1012.5000000000000        5.0885728249999998E-002
   1013.0000000000000        5.0280412099999998E-002
   1013.5000000000000        4.9675095949999998E-002
   1014.0000000000000        4.9069779800000005E-002
   1014.5000000000000        4.8464463649999998E-002
   1015.0000000000000        4.7859147500000004E-002
   1015.5000000000000        4.7253831350000004E-002
   1016.0000000000000        4.6648515200000004E-002
   1016.5000000000000        4.6043199050000004E-002
   1017.0000000000000        4.5437882900000004E-002
   1017.5000000000000        4.4832566750000004E-002
   1018.0000000000000        4.4227250600000004E-002
   1018.5000000000000        4.3621934450000004E-002
   1019.0000000000000        4.3016618300000004E-002
   1019.5000000000000        4.2411302150000003E-002
   1020.0000000000000        4.1805986000000003E-002
   1020.5000000000000        4.1384653925000001E-002
   1021.0000000000000        4.0963321850000005E-002
   1021.5000000000000        4.0541989775000002E-002
   1022.0000000000000        4.0120657700000006E-002
   1022.5000000000000        3.9699325625000004E-002
   1023.0000000000000        3.9277993550000001E-002
   1023.5000000000000        3.8856661474999998E-002
   1024.0000000000000        3.8435329400000003E-002
   1024.5000000000000        3.8013997325000007E-002
   1025.0000000000000        3.7592665250000004E-002
   1025.5000000000000        3.7171333175000001E-002
   1026.0000000000000        3.6750001099999999E-002
   1026.5000000000000        3.6328669025000003E-002
   1027.0000000000000        3.5907336950000000E-002
   1027.5000000000000        3.5486004875000005E-002
   1028.0000000000000        3.5064672800000002E-002
   1028.5000000000000        3.4643340724999999E-002
   1029.0000000000000        3.4222008650000003E-002
   1029.5000000000000        3.3800676575000001E-002
   1030.0000000000000        3.3379344500000005E-002
   1030.5000000000000        3.2958012425000002E-002
   1031.0000000000000        3.2536680350000000E-002
   1031.5000000000000        3.2115348275000004E-002
   1032.0000000000000        3.1694016200000001E-002
   1032.5000000000000        3.1272684124999998E-002
   1033.0000000000000        3.0851352050000003E-002
   1033.5000000000000        3.0430019975000000E-002
   1034.0000000000000        3.0008687900000001E-002
   1034.5000000000000        2.9587355825000002E-002
   1035.0000000000000        2.9166023749999999E-002
   1035.5000000000000        2.8744691675000000E-002
   1036.0000000000000        2.8323359600000000E-002
   1036.5000000000000        2.7902027525000001E-002
   1037.0000000000000        2.7480695450000002E-002
   1037.5000000000000        2.7059363374999999E-002
   1038.0000000000000        2.6638031300000000E-002
   1038.5000000000000        2.6216699225000001E-002
   1039.0000000000000        2.5795367149999998E-002
   1039.5000000000000        2.5374035074999999E-002
   1040.0000000000000        2.4952703000000000E-002
   1040.5000000000000        2.4728064850000002E-002
   1041.0000000000000        2.4503426699999997E-002
   1041.5000000000000        2.4278788549999999E-002
   1042.0000000000000        2.4054150400000002E-002
   1042.5000000000000        2.3829512249999997E-002
   1043.0000000000000        2.3604874099999999E-002
   1043.5000000000000        2.3380235950000001E-002
   1044.0000000000000        2.3155597800000000E-002
   1044.5000000000000        2.2930959649999999E-002
   1045.0000000000000        2.2706321500000001E-002
   1045.5000000000000        2.2481683350000000E-002
   1046.0000000000000        2.2257045199999999E-002
   1046.5000000000000        2.2032407050000001E-002
   1047.0000000000000        2.1807768900000000E-002
   1047.5000000000000        2.1583130749999999E-002
   1048.0000000000000        2.1358492600000001E-002
   1048.5000000000000        2.1133854450000000E-002
   1049.0000000000000        2.0909216299999998E-002
   1049.5000000000000        2.0684578150000001E-002
   1050.0000000000000        2.0459939999999999E-002
   1050.5000000000000        2.0235301849999998E-002
   1051.0000000000000        2.0010663700000000E-002
   1051.5000000000000        1.9786025549999999E-002
   1052.0000000000000        1.9561387399999998E-002
   1052.5000000000000        1.9336749250000000E-002
   1053.0000000000000        1.9112111099999999E-002
   1053.5000000000000        1.8887472949999998E-002
   1054.0000000000000        1.8662834800000000E-002
   1054.5000000000000        1.8438196649999999E-002
   1055.0000000000000        1.8213558499999997E-002
   1055.5000000000000        1.7988920350000000E-002
   1056.0000000000000        1.7764282199999998E-002
   1056.5000000000000        1.7539644050000001E-002
   1057.0000000000000        1.7315005900000000E-002
   1057.5000000000000        1.7090367749999998E-002
   1058.0000000000000        1.6865729600000001E-002
   1058.5000000000000        1.6641091449999999E-002
   1059.0000000000000        1.6416453299999998E-002
   1059.5000000000000        1.6191815150000000E-002
   1060.0000000000000        1.5966392958465445E-002
   1060.5000000000000        1.5744204160101707E-002
   1061.0000000000000        1.5525202841568277E-002
   1061.5000000000000        1.5309326172733891E-002
   1062.0000000000000        1.5096545037196245E-002
   1062.5000000000000        1.4886810396804107E-002
   1063.0000000000000        1.4680077810732920E-002
   1063.5000000000000        1.4476302838158123E-002
   1064.0000000000000        1.4275437973370714E-002
   1064.5000000000000        1.4077440307988355E-002
   1065.0000000000000        1.3882265401186492E-002
   1065.5000000000000        1.3689867279698335E-002
   1066.0000000000000        1.3500199970257115E-002
   1066.5000000000000        1.3313220564480487E-002
   1067.0000000000000        1.3128884621543902E-002
   1067.5000000000000        1.2947144635738346E-002
   1068.0000000000000        1.2767956166239268E-002
   1068.5000000000000        1.2591276304664329E-002
   1069.0000000000000        1.2417059077746749E-002
   1069.5000000000000        1.2245258512219748E-002
   1070.0000000000000        1.2075830167258762E-002
   1070.5000000000000        1.1908731134481465E-002
   1071.0000000000000        1.1743913908178848E-002
   1071.5000000000000        1.1581334047526350E-002
   1072.0000000000000        1.1420948644141645E-002
   1072.5000000000000        1.1262710192315718E-002
   1073.0000000000000        1.1106575783666240E-002
   1073.5000000000000        1.0952497912484201E-002
   1074.0000000000000        1.0800435202829500E-002
   1074.5000000000000        1.0650338616550898E-002
   1075.0000000000000        1.0502166777708290E-002
   1075.5000000000000        1.0355873713034893E-002
   1076.0000000000000        1.0211413449263927E-002
   1076.5000000000000        1.0068743078013052E-002
   1077.0000000000000        9.9278150935732685E-003
   1077.5000000000000        9.7885865875622403E-003
   1078.0000000000000        9.6510115867131860E-003
   1078.5000000000000        9.5150456502015469E-003
   1079.0000000000000        9.3806428047605410E-003
   1079.5000000000000        9.2477601420078350E-003
   1080.0000000000000        9.1163516886766469E-003
   1080.5000000000000        8.9863776012691007E-003
   1081.0000000000000        8.8578118282673507E-003
   1081.5000000000000        8.7306375128069040E-003
   1082.0000000000000        8.6048362655810548E-003
   1082.5000000000000        8.4803866323986364E-003
   1083.0000000000000        8.3572702239529308E-003
   1083.5000000000000        8.2354686509372287E-003
   1084.0000000000000        8.1149619916025921E-003
   1084.5000000000000        7.9957318566423029E-003
   1085.0000000000000        7.8777583243074267E-003
   1085.5000000000000        7.7610230052912454E-003
   1086.0000000000000        7.6455059778448237E-003
   1086.5000000000000        7.5311888526614443E-003
   1087.0000000000000        7.4180532404343963E-003
   1087.5000000000000        7.3060776869725156E-003
   1088.0000000000000        7.1952438029690858E-003
   1088.5000000000000        7.0855347315596220E-003
   1089.0000000000000        6.9769274861107297E-003
   1089.5000000000000        6.8694067422001492E-003
   1090.0000000000000        6.7629510456367180E-003
   1090.5000000000000        6.6575404746714922E-003
   1091.0000000000000        6.5531581724399884E-003
   1091.5000000000000        6.4497842171932643E-003
   1092.0000000000000        6.3474002196246063E-003
   1092.5000000000000        6.2459847255428493E-003
   1093.0000000000000        6.1455208780835102E-003
   1093.5000000000000        6.0459872230554171E-003
   1094.0000000000000        5.9473684360363144E-003
   1094.5000000000000        5.8496415303928052E-003
   1095.0000000000000        5.7527881168181801E-003
   1095.5000000000000        5.6567913384479506E-003
   1096.0000000000000        5.5616297410909510E-003
   1096.5000000000000        5.4672849354404692E-003
   1097.0000000000000        5.3737369997475639E-003
   1097.5000000000000        5.2809690771477491E-003
   1098.0000000000000        5.1889597134498582E-003
   1098.5000000000000        5.0976905193471792E-003
   1099.0000000000000        5.0071415730907724E-003
   1099.5000000000000        4.9172960178161503E-003
   1100.0000000000000        4.8281323993321461E-003
