# wavelength [nm]	QE (FM1)	QE 1sigma-error_if-used-for-FM2	sensitivity_[ppm/mK]
330.0	0.158769397	0.00000	0.000000000
331.0	0.161363668	0.00000	0.000000000
332.0	0.163957939	0.00000	0.000000000
333.0	0.166552211	0.00000	0.000000000
334.0	0.169146482	0.00000	0.000000000
335.0	0.171740753	0.00000	0.000000000
336.0	0.174335024	0.00000	0.000000000
337.0	0.176929295	0.00000	0.000000000
338.0	0.179523567	0.00000	0.000000000
339.0	0.182117838	0.00000	0.000000000
340.0	0.184712109	0.00000	0.000000000
341.0	0.187721464	0.00000	0.000000000
342.0	0.190730818	0.00000	0.000000000
343.0	0.193740173	0.00000	0.000000000
344.0	0.196749527	0.00000	0.000000000
345.0	0.199758882	0.00000	0.000000000
346.0	0.202768236	0.00000	0.000000000
347.0	0.205777591	0.00000	0.000000000
348.0	0.208786946	0.00000	0.000000000
349.0	0.211796300	0.00000	0.000000000
350.0	0.214805655	0.00000	0.000000000
351.0	0.218126322	0.00000	0.000000000
352.0	0.221446989	0.00000	0.000000000
353.0	0.224767656	0.00000	0.000000000
354.0	0.228088323	0.00000	0.000000000
355.0	0.231408990	0.00000	0.000000000
356.0	0.234729658	0.00000	0.000000000
357.0	0.238050325	0.00000	0.000000000
358.0	0.241370992	0.00000	0.000000000
359.0	0.244691659	0.00000	0.000000000
360.0	0.248012326	0.00000	0.000000000
361.0	0.253408410	0.00000	0.000000000
362.0	0.258804494	0.00000	0.000000000
363.0	0.264200578	0.00000	0.000000000
364.0	0.269596662	0.00000	0.000000000
365.0	0.274992746	0.00000	0.000000000
366.0	0.280388831	0.00000	0.000000000
367.0	0.285784915	0.00000	0.000000000
368.0	0.291180999	0.00000	0.000000000
369.0	0.296577083	0.00000	0.000000000
370.0	0.301973167	0.00000	0.000000000
371.0	0.310482376	0.00000	0.000000000
372.0	0.318991586	0.00000	0.000000000
373.0	0.327500795	0.00000	0.000000000
374.0	0.336010005	0.00000	0.000000000
375.0	0.344519214	0.00000	0.000000000
376.0	0.353028424	0.00000	0.000000000
377.0	0.361537633	0.00000	0.000000000
378.0	0.370046843	0.00000	0.000000000
379.0	0.378556052	0.00000	0.000000000
380.0	0.387065262	0.02160	0.488480867
381.0	0.395753536	0.02174	0.493619611
382.0	0.404441810	0.02188	0.498758354
383.0	0.413130084	0.02202	0.503897098
384.0	0.421818358	0.02216	0.509035841
385.0	0.430506632	0.02230	0.514174585
386.0	0.439194905	0.02244	0.519313329
387.0	0.447883179	0.02258	0.524452072
388.0	0.456571453	0.02272	0.529590816
389.0	0.465259727	0.02286	0.534729559
390.0	0.473948001	0.02300	0.539868303
391.0	0.482636275	0.02314	0.545007047
392.0	0.491324549	0.02328	0.550145790
393.0	0.500012823	0.02342	0.555284534
394.0	0.508701097	0.02356	0.560423277
395.0	0.517389371	0.02370	0.565562021
396.0	0.526077644	0.02384	0.570700765
397.0	0.534765918	0.02398	0.575839508
398.0	0.543454192	0.02412	0.580978252
399.0	0.552142466	0.02426	0.586116995
400.0	0.560830740	0.02440	0.591255739
401.0	0.567318402	0.02432	0.587022830
402.0	0.573806064	0.02425	0.582789920
403.0	0.580293726	0.02418	0.578557011
404.0	0.586781389	0.02410	0.574324101
405.0	0.593269051	0.02403	0.570091192
406.0	0.599756713	0.02395	0.565858283
407.0	0.606244375	0.02388	0.561625373
408.0	0.612732037	0.02380	0.557392464
409.0	0.619219699	0.02373	0.553159554
410.0	0.625707361	0.02365	0.548926645
411.0	0.632195024	0.02357	0.544693736
412.0	0.638682686	0.02350	0.540460826
413.0	0.645170348	0.02343	0.536227917
414.0	0.651658010	0.02335	0.531995007
415.0	0.658145672	0.02328	0.527762098
416.0	0.664633334	0.02320	0.523529189
417.0	0.671120997	0.02312	0.519296279
418.0	0.677608659	0.02305	0.515063370
419.0	0.684096321	0.02297	0.510830460
420.0	0.690583983	0.02290	0.506597551
421.0	0.694880442	0.02305	0.505664037
422.0	0.699176901	0.02319	0.504730523
423.0	0.703473360	0.02334	0.503797009
424.0	0.707769819	0.02348	0.502863494
425.0	0.712066278	0.02363	0.501929980
426.0	0.716362737	0.02377	0.500996466
427.0	0.720659196	0.02391	0.500062952
428.0	0.724955655	0.02406	0.499129438
429.0	0.729252114	0.02420	0.498195924
430.0	0.733548574	0.02435	0.497262410
431.0	0.737845033	0.02450	0.496328895
432.0	0.742141492	0.02464	0.495395381
433.0	0.746437951	0.02479	0.494461867
434.0	0.750734410	0.02493	0.493528353
435.0	0.755030869	0.02508	0.492594839
436.0	0.759327328	0.02522	0.491661325
437.0	0.763623787	0.02536	0.490727810
438.0	0.767920246	0.02551	0.489794296
439.0	0.772216705	0.02566	0.488860782
440.0	0.776513164	0.02580	0.487927268
441.0	0.779426268	0.02569	0.486974504
442.0	0.782339371	0.02558	0.486021740
443.0	0.785252475	0.02547	0.485068976
444.0	0.788165579	0.02536	0.484116213
445.0	0.791078683	0.02525	0.483163449
446.0	0.793991787	0.02514	0.482210685
447.0	0.796904890	0.02503	0.481257921
448.0	0.799817994	0.02492	0.480305157
449.0	0.802731098	0.02481	0.479352393
450.0	0.805644202	0.02470	0.478399630
451.0	0.808557305	0.02459	0.477446866
452.0	0.811470409	0.02448	0.476494102
453.0	0.814383513	0.02437	0.475541338
454.0	0.817296616	0.02426	0.474588574
455.0	0.820209720	0.02415	0.473635810
456.0	0.823122824	0.02404	0.472683046
457.0	0.826035928	0.02393	0.471730283
458.0	0.828949031	0.02382	0.470777519
459.0	0.831862135	0.02371	0.469824755
460.0	0.834775239	0.02360	0.468871991
461.0	0.836911419	0.02366	0.467741473
462.0	0.839047599	0.02372	0.466610956
463.0	0.841183780	0.02378	0.465480438
464.0	0.843319960	0.02384	0.464349920
465.0	0.845456140	0.02390	0.463219403
466.0	0.847592320	0.02396	0.462088885
467.0	0.849728500	0.02402	0.460958367
468.0	0.851864681	0.02408	0.459827849
469.0	0.854000861	0.02414	0.458697332
470.0	0.856137041	0.02420	0.457566814
471.0	0.858273221	0.02426	0.456436296
472.0	0.860409401	0.02432	0.455305779
473.0	0.862545582	0.02438	0.454175261
474.0	0.864681762	0.02444	0.453044743
475.0	0.866817942	0.02450	0.451914225
476.0	0.868954122	0.02456	0.450783708
477.0	0.871090302	0.02462	0.449653190
478.0	0.873226483	0.02468	0.448522672
479.0	0.875362663	0.02474	0.447392155
480.0	0.877498843	0.02480	0.446261637
481.0	0.878899403	0.02484	0.444775653
482.0	0.880299963	0.02488	0.443289669
483.0	0.881700523	0.02492	0.441803686
484.0	0.883101083	0.02496	0.440317702
485.0	0.884501643	0.02500	0.438831718
486.0	0.885902202	0.02504	0.437345734
487.0	0.887302762	0.02508	0.435859751
488.0	0.888703322	0.02512	0.434373767
489.0	0.890103882	0.02516	0.432887783
490.0	0.891504442	0.02520	0.431401800
491.0	0.892905002	0.02524	0.429915816
492.0	0.894305562	0.02528	0.428429832
493.0	0.895706122	0.02532	0.426943848
494.0	0.897106682	0.02536	0.425457865
495.0	0.898507241	0.02540	0.423971881
496.0	0.899907801	0.02544	0.422485897
497.0	0.901308361	0.02548	0.420999913
498.0	0.902708921	0.02552	0.419513929
499.0	0.904109481	0.02556	0.418027946
500.0	0.905510041	0.02560	0.416541962
501.0	0.906417302	0.02563	0.415858182
502.0	0.907324564	0.02565	0.415174402
503.0	0.908231825	0.02568	0.414490622
504.0	0.909139086	0.02570	0.413806842
505.0	0.910046347	0.02573	0.413123062
506.0	0.910953608	0.02575	0.412439282
507.0	0.911860870	0.02578	0.411755502
508.0	0.912768131	0.02580	0.411071722
509.0	0.913675392	0.02583	0.410387942
510.0	0.914582654	0.02585	0.409704162
511.0	0.915489915	0.02588	0.409020383
512.0	0.916397176	0.02590	0.408336603
513.0	0.917304437	0.02593	0.407652823
514.0	0.918211699	0.02595	0.406969043
515.0	0.919118960	0.02598	0.406285263
516.0	0.920026221	0.02600	0.405601483
517.0	0.920933482	0.02602	0.404917703
518.0	0.921840744	0.02605	0.404233923
519.0	0.922748005	0.02608	0.403550143
520.0	0.923655266	0.02610	0.402866363
521.0	0.924125421	0.02612	0.401872512
522.0	0.924595577	0.02613	0.400878661
523.0	0.925065733	0.02615	0.399884810
524.0	0.925535888	0.02616	0.398890959
525.0	0.926006044	0.02618	0.397897108
526.0	0.926476199	0.02619	0.396903257
527.0	0.926946354	0.02620	0.395909406
528.0	0.927416510	0.02622	0.394915555
529.0	0.927886665	0.02624	0.393921704
530.0	0.928356821	0.02625	0.392927853
531.0	0.928826977	0.02627	0.391934002
532.0	0.929297132	0.02628	0.390940151
533.0	0.929767288	0.02630	0.389946300
534.0	0.930237443	0.02631	0.388952449
535.0	0.930707598	0.02632	0.387958598
536.0	0.931177754	0.02634	0.386964747
537.0	0.931647909	0.02635	0.385970896
538.0	0.932118065	0.02637	0.384977045
539.0	0.932588221	0.02638	0.383983194
540.0	0.933058376	0.02640	0.382989343
541.0	0.933157978	0.02640	0.383346869
542.0	0.933257580	0.02640	0.383704396
543.0	0.933357182	0.02640	0.384061922
544.0	0.933456783	0.02640	0.384419449
545.0	0.933556385	0.02640	0.384776975
546.0	0.933655987	0.02640	0.385134501
547.0	0.933755589	0.02640	0.385492028
548.0	0.933855191	0.02640	0.385849554
549.0	0.933954793	0.02640	0.386207081
550.0	0.934054394	0.02640	0.386564607
551.0	0.934153996	0.02640	0.386922133
552.0	0.934253598	0.02640	0.387279660
553.0	0.934353200	0.02640	0.387637186
554.0	0.934452802	0.02640	0.387994713
555.0	0.934552404	0.02640	0.388352239
556.0	0.934652006	0.02640	0.388709765
557.0	0.934751607	0.02640	0.389067292
558.0	0.934851209	0.02640	0.389424818
559.0	0.934950811	0.02640	0.389782345
560.0	0.935050413	0.02640	0.390139871
561.0	0.934988148	0.02640	0.391955895
562.0	0.934925883	0.02640	0.393771918
563.0	0.934863618	0.02640	0.395587942
564.0	0.934801354	0.02640	0.397403965
565.0	0.934739089	0.02640	0.399219989
566.0	0.934676824	0.02640	0.401036013
567.0	0.934614559	0.02640	0.402852036
568.0	0.934552294	0.02640	0.404668060
569.0	0.934490029	0.02640	0.406484083
570.0	0.934427765	0.02640	0.408300107
571.0	0.934365500	0.02640	0.410116131
572.0	0.934303235	0.02640	0.411932154
573.0	0.934240970	0.02640	0.413748178
574.0	0.934178705	0.02640	0.415564201
575.0	0.934116440	0.02640	0.417380225
576.0	0.934054175	0.02640	0.419196249
577.0	0.933991911	0.02640	0.421012272
578.0	0.933929646	0.02640	0.422828296
579.0	0.933867381	0.02640	0.424644319
580.0	0.933805116	0.02640	0.426460343
581.0	0.933284719	0.02638	0.427297365
582.0	0.932764322	0.02637	0.428134387
583.0	0.932243925	0.02635	0.428971409
584.0	0.931723527	0.02634	0.429808431
585.0	0.931203130	0.02632	0.430645453
586.0	0.930682733	0.02631	0.431482475
587.0	0.930162336	0.02630	0.432319497
588.0	0.929641939	0.02628	0.433156519
589.0	0.929121542	0.02627	0.433993541
590.0	0.928601144	0.02625	0.434830563
591.0	0.928080747	0.02624	0.435667584
592.0	0.927560350	0.02622	0.436504606
593.0	0.927039953	0.02620	0.437341628
594.0	0.926519556	0.02619	0.438178650
595.0	0.925999159	0.02618	0.439015672
596.0	0.925478762	0.02616	0.439852694
597.0	0.924958364	0.02615	0.440689716
598.0	0.924437967	0.02613	0.441526738
599.0	0.923917570	0.02611	0.442363760
600.0	0.923397173	0.02610	0.443200782
601.0	0.922887360	0.02609	0.447422305
602.0	0.922377546	0.02607	0.451643829
603.0	0.921867733	0.02606	0.455865352
604.0	0.921357919	0.02604	0.460086875
605.0	0.920848106	0.02603	0.464308398
606.0	0.920338293	0.02601	0.468529922
607.0	0.919828479	0.02600	0.472751445
608.0	0.919318666	0.02598	0.476972968
609.0	0.918808852	0.02597	0.481194491
610.0	0.918299039	0.02595	0.485416014
611.0	0.917789226	0.02593	0.489637538
612.0	0.917279412	0.02592	0.493859061
613.0	0.916769599	0.02591	0.498080584
614.0	0.916259785	0.02589	0.502302108
615.0	0.915749972	0.02587	0.506523631
616.0	0.915240159	0.02586	0.510745154
617.0	0.914730345	0.02584	0.514966677
618.0	0.914220532	0.02583	0.519188200
619.0	0.913710718	0.02582	0.523409724
620.0	0.913200905	0.02580	0.527631247
621.0	0.912217963	0.02578	0.531387401
622.0	0.911235021	0.02575	0.535143555
623.0	0.910252079	0.02572	0.538899709
624.0	0.909269137	0.02570	0.542655864
625.0	0.908286195	0.02567	0.546412018
626.0	0.907303253	0.02565	0.550168172
627.0	0.906320311	0.02563	0.553924326
628.0	0.905337369	0.02560	0.557680480
629.0	0.904354427	0.02558	0.561436634
630.0	0.903371485	0.02555	0.565192788
631.0	0.902388544	0.02552	0.568948943
632.0	0.901405602	0.02550	0.572705097
633.0	0.900422660	0.02548	0.576461251
634.0	0.899439718	0.02545	0.580217405
635.0	0.898456776	0.02542	0.583973559
636.0	0.897473834	0.02540	0.587729713
637.0	0.896490892	0.02537	0.591485868
638.0	0.895507950	0.02535	0.595242022
639.0	0.894525008	0.02532	0.598998176
640.0	0.893542066	0.02530	0.602754330
641.0	0.892255333	0.02526	0.608145939
642.0	0.890968600	0.02522	0.613537548
643.0	0.889681868	0.02518	0.618929157
644.0	0.888395135	0.02514	0.624320766
645.0	0.887108402	0.02510	0.629712375
646.0	0.885821669	0.02506	0.635103984
647.0	0.884534937	0.02502	0.640495593
648.0	0.883248204	0.02498	0.645887202
649.0	0.881961471	0.02494	0.651278811
650.0	0.880674738	0.02490	0.656670421
651.0	0.879388006	0.02486	0.662062030
652.0	0.878101273	0.02482	0.667453639
653.0	0.876814540	0.02478	0.672845248
654.0	0.875527808	0.02474	0.678236857
655.0	0.874241075	0.02470	0.683628466
656.0	0.872954342	0.02466	0.689020075
657.0	0.871667609	0.02462	0.694411684
658.0	0.870380877	0.02458	0.699803293
659.0	0.869094144	0.02454	0.705194902
660.0	0.867807411	0.02450	0.710586511
661.0	0.866091630	0.02446	0.719014071
662.0	0.864375849	0.02441	0.727441631
663.0	0.862660069	0.02437	0.735869191
664.0	0.860944288	0.02432	0.744296751
665.0	0.859228507	0.02428	0.752724312
666.0	0.857512726	0.02423	0.761151872
667.0	0.855796945	0.02419	0.769579432
668.0	0.854081165	0.02414	0.778006992
669.0	0.852365384	0.02409	0.786434552
670.0	0.850649603	0.02405	0.794862112
671.0	0.848933822	0.02400	0.803289672
672.0	0.847218041	0.02396	0.811717232
673.0	0.845502261	0.02391	0.820144792
674.0	0.843786480	0.02387	0.828572352
675.0	0.842070699	0.02382	0.836999913
676.0	0.840354918	0.02378	0.845427473
677.0	0.838639137	0.02373	0.853855033
678.0	0.836923357	0.02369	0.862282593
679.0	0.835207576	0.02364	0.870710153
680.0	0.833491795	0.02360	0.879137713
681.0	0.831445777	0.02354	0.888770353
682.0	0.829399758	0.02348	0.898402992
683.0	0.827353740	0.02342	0.908035632
684.0	0.825307722	0.02336	0.917668271
685.0	0.823261703	0.02330	0.927300911
686.0	0.821215685	0.02324	0.936933551
687.0	0.819169667	0.02318	0.946566190
688.0	0.817123648	0.02312	0.956198830
689.0	0.815077630	0.02306	0.965831469
690.0	0.813031612	0.02300	0.975464109
691.0	0.810985593	0.02294	0.985096749
692.0	0.808939575	0.02288	0.994729388
693.0	0.806893556	0.02282	1.004362028
694.0	0.804847538	0.02276	1.013994667
695.0	0.802801520	0.02270	1.023627307
696.0	0.800755501	0.02264	1.033259947
697.0	0.798709483	0.02258	1.042892586
698.0	0.796663465	0.02252	1.052525226
699.0	0.794617446	0.02246	1.062157865
700.0	0.792571428	0.02240	1.071790505
701.0	0.790566403	0.02235	1.081378271
702.0	0.788561378	0.02229	1.090966037
703.0	0.786556353	0.02223	1.100553803
704.0	0.784551328	0.02218	1.110141569
705.0	0.782546303	0.02212	1.119729335
706.0	0.780541278	0.02207	1.129317101
707.0	0.778536253	0.02201	1.138904867
708.0	0.776531228	0.02196	1.148492633
709.0	0.774526203	0.02191	1.158080399
710.0	0.772521179	0.02185	1.167668164
711.0	0.770516154	0.02180	1.177255930
712.0	0.768511129	0.02174	1.186843696
713.0	0.766506104	0.02168	1.196431462
714.0	0.764501079	0.02163	1.206019228
715.0	0.762496054	0.02158	1.215606994
716.0	0.760491029	0.02152	1.225194760
717.0	0.758486004	0.02146	1.234782526
718.0	0.756480979	0.02141	1.244370292
719.0	0.754475954	0.02135	1.253958058
720.0	0.752470929	0.02130	1.263545824
721.0	0.750655884	0.02125	1.272707243
722.0	0.748840838	0.02120	1.281868662
723.0	0.747025793	0.02115	1.291030081
724.0	0.745210748	0.02110	1.300191501
725.0	0.743395702	0.02105	1.309352920
726.0	0.741580657	0.02100	1.318514339
727.0	0.739765612	0.02095	1.327675758
728.0	0.737950567	0.02090	1.336837177
729.0	0.736135521	0.02085	1.345998596
730.0	0.734320476	0.02080	1.355160016
731.0	0.732505431	0.02075	1.364321435
732.0	0.730690385	0.02070	1.373482854
733.0	0.728875340	0.02065	1.382644273
734.0	0.727060295	0.02060	1.391805692
735.0	0.725245250	0.02055	1.400967111
736.0	0.723430204	0.02050	1.410128530
737.0	0.721615159	0.02045	1.419289950
738.0	0.719800114	0.02040	1.428451369
739.0	0.717985068	0.02035	1.437612788
740.0	0.716170023	0.02030	1.446774207
741.0	0.713893950	0.02023	1.456472811
742.0	0.711617877	0.02017	1.466171415
743.0	0.709341805	0.02011	1.475870020
744.0	0.707065732	0.02004	1.485568624
745.0	0.704789659	0.01997	1.495267228
746.0	0.702513586	0.01991	1.504965832
747.0	0.700237513	0.01985	1.514664436
748.0	0.697961441	0.01978	1.524363041
749.0	0.695685368	0.01971	1.534061645
750.0	0.693409295	0.01965	1.543760249
751.0	0.691133222	0.01958	1.553458853
752.0	0.688857149	0.01952	1.563157457
753.0	0.686581077	0.01946	1.572856062
754.0	0.684305004	0.01939	1.582554666
755.0	0.682028931	0.01932	1.592253270
756.0	0.679752858	0.01926	1.601951874
757.0	0.677476785	0.01919	1.611650478
758.0	0.675200713	0.01913	1.621349083
759.0	0.672924640	0.01906	1.631047687
760.0	0.670648567	0.01900	1.640746291
761.0	0.668435404	0.01894	1.650430276
762.0	0.666222242	0.01887	1.660114261
763.0	0.664009079	0.01880	1.669798247
764.0	0.661795917	0.01874	1.679482232
765.0	0.659582754	0.01867	1.689166217
766.0	0.657369592	0.01861	1.698850202
767.0	0.655156429	0.01854	1.708534187
768.0	0.652943267	0.01848	1.718218173
769.0	0.650730105	0.01842	1.727902158
770.0	0.648516942	0.01835	1.737586143
771.0	0.646303779	0.01829	1.747270128
772.0	0.644090617	0.01822	1.756954113
773.0	0.641877454	0.01816	1.766638099
774.0	0.639664292	0.01809	1.776322084
775.0	0.637451130	0.01802	1.786006069
776.0	0.635237967	0.01796	1.795690054
777.0	0.633024804	0.01789	1.805374039
778.0	0.630811642	0.01783	1.815058025
779.0	0.628598480	0.01776	1.824742010
780.0	0.626385317	0.01770	1.834425995
781.0	0.623558567	0.01762	1.847025743
782.0	0.620731816	0.01754	1.859625491
783.0	0.617905066	0.01746	1.872225239
784.0	0.615078316	0.01738	1.884824986
785.0	0.612251565	0.01730	1.897424734
786.0	0.609424815	0.01722	1.910024482
787.0	0.606598065	0.01714	1.922624230
788.0	0.603771314	0.01706	1.935223978
789.0	0.600944564	0.01698	1.947823726
790.0	0.598117814	0.01690	1.960423474
791.0	0.595291063	0.01682	1.973023221
792.0	0.592464313	0.01674	1.985622969
793.0	0.589637562	0.01666	1.998222717
794.0	0.586810812	0.01658	2.010822465
795.0	0.583984062	0.01650	2.023422213
796.0	0.581157311	0.01642	2.036021961
797.0	0.578330561	0.01634	2.048621708
798.0	0.575503811	0.01626	2.061221456
799.0	0.572677060	0.01618	2.073821204
800.0	0.569850310	0.01610	2.086420952
801.0	0.567379690	0.01603	2.100242787
802.0	0.564909070	0.01596	2.114064622
803.0	0.562438450	0.01589	2.127886457
804.0	0.559967831	0.01582	2.141708292
805.0	0.557497211	0.01575	2.155530127
806.0	0.555026591	0.01568	2.169351962
807.0	0.552555971	0.01561	2.183173797
808.0	0.550085351	0.01554	2.196995632
809.0	0.547614731	0.01547	2.210817467
810.0	0.545144111	0.01540	2.224639302
811.0	0.542673492	0.01533	2.238461137
812.0	0.540202872	0.01526	2.252282972
813.0	0.537732252	0.01519	2.266104807
814.0	0.535261632	0.01512	2.279926642
815.0	0.532791012	0.01505	2.293748477
816.0	0.530320392	0.01498	2.307570312
817.0	0.527849773	0.01491	2.321392147
818.0	0.525379153	0.01484	2.335213982
819.0	0.522908533	0.01477	2.349035817
820.0	0.520437913	0.01470	2.362857652
821.0	0.517436513	0.01461	2.377504276
822.0	0.514435113	0.01453	2.392150899
823.0	0.511433714	0.01444	2.406797523
824.0	0.508432314	0.01436	2.421444147
825.0	0.505430914	0.01427	2.436090770
826.0	0.502429514	0.01419	2.450737394
827.0	0.499428114	0.01410	2.465384018
828.0	0.496426715	0.01402	2.480030642
829.0	0.493425315	0.01393	2.494677265
830.0	0.490423915	0.01385	2.509323889
831.0	0.487422515	0.01376	2.523970513
832.0	0.484421115	0.01368	2.538617136
833.0	0.481419716	0.01359	2.553263760
834.0	0.478418316	0.01351	2.567910384
835.0	0.475416916	0.01342	2.582557008
836.0	0.472415516	0.01334	2.597203631
837.0	0.469414116	0.01325	2.611850255
838.0	0.466412717	0.01317	2.626496879
839.0	0.463411317	0.01308	2.641143502
840.0	0.460409917	0.01300	2.655790126
841.0	0.457677316	0.01292	2.674225873
842.0	0.454944715	0.01285	2.692661620
843.0	0.452212114	0.01277	2.711097366
844.0	0.449479514	0.01270	2.729533113
845.0	0.446746913	0.01263	2.747968860
846.0	0.444014312	0.01255	2.766404607
847.0	0.441281711	0.01247	2.784840354
848.0	0.438549110	0.01240	2.803276100
849.0	0.435816509	0.01232	2.821711847
850.0	0.433083909	0.01225	2.840147594
851.0	0.430351308	0.01218	2.858583341
852.0	0.427618707	0.01210	2.877019088
853.0	0.424886106	0.01202	2.895454834
854.0	0.422153505	0.01195	2.913890581
855.0	0.419420904	0.01188	2.932326328
856.0	0.416688303	0.01180	2.950762075
857.0	0.413955703	0.01172	2.969197822
858.0	0.411223102	0.01165	2.987633568
859.0	0.408490501	0.01157	3.006069315
860.0	0.405757900	0.01150	3.024505062
861.0	0.402778471	0.01141	3.045717019
862.0	0.399799042	0.01133	3.066928976
863.0	0.396819613	0.01124	3.088140933
864.0	0.393840184	0.01116	3.109352890
865.0	0.390860755	0.01108	3.130564847
866.0	0.387881327	0.01099	3.151776804
867.0	0.384901898	0.01090	3.172988761
868.0	0.381922469	0.01082	3.194200718
869.0	0.378943040	0.01073	3.215412675
870.0	0.375963611	0.01065	3.236624631
871.0	0.372984182	0.01057	3.257836588
872.0	0.370004753	0.01048	3.279048545
873.0	0.367025324	0.01039	3.300260502
874.0	0.364045895	0.01031	3.321472459
875.0	0.361066467	0.01022	3.342684416
876.0	0.358087038	0.01014	3.363896373
877.0	0.355107609	0.01005	3.385108330
878.0	0.352128180	0.00997	3.406320287
879.0	0.349148751	0.00988	3.427532244
880.0	0.346169322	0.00980	3.448744201
881.0	0.342698159	0.00977	3.475477564
882.0	0.339226996	0.00974	3.502210926
883.0	0.335755833	0.00971	3.528944289
884.0	0.332284670	0.00968	3.555677652
885.0	0.328813507	0.00965	3.582411015
886.0	0.325342344	0.00962	3.609144377
887.0	0.321871181	0.00959	3.635877740
888.0	0.318400018	0.00956	3.662611103
889.0	0.314928855	0.00953	3.689344466
890.0	0.311457692	0.00950	3.716077828
891.0	0.307986530	0.00947	3.742811191
892.0	0.304515367	0.00944	3.769544554
893.0	0.301044204	0.00941	3.796277917
894.0	0.297573041	0.00938	3.823011279
895.0	0.294101878	0.00935	3.849744642
896.0	0.290630715	0.00932	3.876478005
897.0	0.287159552	0.00929	3.903211368
898.0	0.283688389	0.00926	3.929944730
899.0	0.280217226	0.00923	3.956678093
900.0	0.276746063	0.00920	3.983411456
901.0	0.273957437	0.00911	4.008186227
902.0	0.271168812	0.00901	4.032960999
903.0	0.268380186	0.00891	4.057735770
904.0	0.265591561	0.00882	4.082510541
905.0	0.262802935	0.00873	4.107285313
906.0	0.260014309	0.00863	4.132060084
907.0	0.257225684	0.00854	4.156834855
908.0	0.254437058	0.00844	4.181609627
909.0	0.251648433	0.00834	4.206384398
910.0	0.248859807	0.00825	4.231159169
911.0	0.246071181	0.00816	4.255933941
912.0	0.243282556	0.00806	4.280708712
913.0	0.240493930	0.00796	4.305483484
914.0	0.237705305	0.00787	4.330258255
915.0	0.234916679	0.00777	4.355033026
916.0	0.232128053	0.00768	4.379807798
917.0	0.229339428	0.00758	4.404582569
918.0	0.226550802	0.00749	4.429357340
919.0	0.223762177	0.00739	4.454132112
920.0	0.220973551	0.00730	4.478906883
921.0	0.218453837	0.00722	4.515096438
922.0	0.215934122	0.00714	4.551285992
923.0	0.213414408	0.00706	4.587475547
924.0	0.210894694	0.00698	4.623665102
925.0	0.208374979	0.00690	4.659854656
926.0	0.205855265	0.00682	4.696044211
927.0	0.203335551	0.00674	4.732233766
928.0	0.200815836	0.00666	4.768423320
929.0	0.198296122	0.00658	4.804612875
930.0	0.195776407	0.00650	4.840802430
931.0	0.193256693	0.00642	4.876991984
932.0	0.190736979	0.00634	4.913181539
933.0	0.188217264	0.00626	4.949371093
934.0	0.185697550	0.00618	4.985560648
935.0	0.183177836	0.00610	5.021750203
936.0	0.180658121	0.00602	5.057939757
937.0	0.178138407	0.00594	5.094129312
938.0	0.175618693	0.00586	5.130318867
939.0	0.173098978	0.00578	5.166508421
940.0	0.170579264	0.00570	5.202697976
941.0	0.168525322	0.00563	5.234637612
942.0	0.166471381	0.00556	5.266577249
943.0	0.164417439	0.00549	5.298516885
944.0	0.162363498	0.00542	5.330456521
945.0	0.160309556	0.00535	5.362396158
946.0	0.158255615	0.00528	5.394335794
947.0	0.156201673	0.00521	5.426275430
948.0	0.154147732	0.00514	5.458215067
949.0	0.152093790	0.00507	5.490154703
950.0	0.150039849	0.00500	5.522094339
951.0	0.147985907	0.00493	5.554033976
952.0	0.145931965	0.00486	5.585973612
953.0	0.143878024	0.00479	5.617913249
954.0	0.141824082	0.00472	5.649852885
955.0	0.139770141	0.00465	5.681792521
956.0	0.137716199	0.00458	5.713732158
957.0	0.135662258	0.00451	5.745671794
958.0	0.133608316	0.00444	5.777611430
959.0	0.131554375	0.00437	5.809551067
960.0	0.129500433	0.00430	5.841490703
961.0	0.127779453	0.00425	5.881110665
962.0	0.126058472	0.00419	5.920730628
963.0	0.124337492	0.00413	5.960350591
964.0	0.122616512	0.00408	5.999970553
965.0	0.120895531	0.00402	6.039590516
966.0	0.119174551	0.00397	6.079210478
967.0	0.117453571	0.00392	6.118830441
968.0	0.115732590	0.00386	6.158450403
969.0	0.114011610	0.00381	6.198070365
970.0	0.112290629	0.00375	6.237690328
971.0	0.110569649	0.00370	6.277310291
972.0	0.108848669	0.00364	6.316930253
973.0	0.107127688	0.00359	6.356550216
974.0	0.105406708	0.00353	6.396170178
975.0	0.103685728	0.00348	6.435790140
976.0	0.101964747	0.00342	6.475410103
977.0	0.100243767	0.00336	6.515030065
978.0	0.098522787	0.00331	6.554650028
979.0	0.096801806	0.00326	6.594269990
980.0	0.095080826	0.00320	6.633889953
981.0	0.093627716	0.00317	6.694171313
982.0	0.092174607	0.00313	6.754452673
983.0	0.090721497	0.00310	6.814734033
984.0	0.089268387	0.00306	6.875015393
985.0	0.087815277	0.00303	6.935296753
986.0	0.086362168	0.00299	6.995578113
987.0	0.084909058	0.00296	7.055859473
988.0	0.083455948	0.00292	7.116140833
989.0	0.082002839	0.00289	7.176422193
990.0	0.080549729	0.00285	7.236703552
991.0	0.079096619	0.00282	7.296984912
992.0	0.077643510	0.00278	7.357266272
993.0	0.076190400	0.00275	7.417547632
994.0	0.074737290	0.00271	7.477828992
995.0	0.073284180	0.00267	7.538110352
996.0	0.071831071	0.00264	7.598391712
997.0	0.070377961	0.00261	7.658673072
998.0	0.068924851	0.00257	7.718954432
999.0	0.067471742	0.00253	7.779235792
1000.0	0.066018632	0.00250	7.839517152
1001.0	0.064808000	0.00248	7.928683849
1002.0	0.063597367	0.00245	8.017850547
1003.0	0.062386735	0.00243	8.107017244
1004.0	0.061176103	0.00240	8.196183942
1005.0	0.059965470	0.00237	8.285350639
1006.0	0.058754838	0.00235	8.374517337
1007.0	0.057544206	0.00233	8.463684034
1008.0	0.056333574	0.00230	8.552850732
1009.0	0.055122941	0.00228	8.642017429
1010.0	0.053912309	0.00225	8.731184127
1011.0	0.052701677	0.00223	8.820350824
1012.0	0.051491044	0.00220	8.909517521
1013.0	0.050280412	0.00217	8.998684219
1014.0	0.049069780	0.00215	9.087850916
1015.0	0.047859148	0.00213	9.177017614
1016.0	0.046648515	0.00210	9.266184311
1017.0	0.045437883	0.00208	9.355351009
1018.0	0.044227251	0.00205	9.444517706
1019.0	0.043016618	0.00202	9.533684404
1020.0	0.041805986	0.00200	9.622851101
1021.0	0.040963322	0.00198	9.753538814
1022.0	0.040120658	0.00195	9.884226527
1023.0	0.039277994	0.00193	10.014914240
1024.0	0.038435329	0.00190	10.145601953
1025.0	0.037592665	0.00187	10.276289666
1026.0	0.036750001	0.00185	10.406977379
1027.0	0.035907337	0.00183	10.537665092
1028.0	0.035064673	0.00180	10.668352805
1029.0	0.034222009	0.00178	10.799040518
1030.0	0.033379345	0.00175	10.929728231
1031.0	0.032536680	0.00173	11.060415943
1032.0	0.031694016	0.00170	11.191103656
1033.0	0.030851352	0.00168	11.321791369
1034.0	0.030008688	0.00165	11.452479082
1035.0	0.029166024	0.00163	11.583166795
1036.0	0.028323360	0.00160	11.713854508
1037.0	0.027480695	0.00158	11.844542221
1038.0	0.026638031	0.00155	11.975229934
1039.0	0.025795367	0.00153	12.105917647
1040.0	0.024952703	0.00150	12.236605360
1041.0	0.024503427	0.00149	12.263190127
1042.0	0.024054150	0.00147	12.289774895
1043.0	0.023604874	0.00146	12.316359663
1044.0	0.023155598	0.00144	12.342944430
1045.0	0.022706322	0.00143	12.369529198
1046.0	0.022257045	0.00141	12.396113965
1047.0	0.021807769	0.00139	12.422698732
1048.0	0.021358493	0.00138	12.449283500
1049.0	0.020909216	0.00136	12.475868268
1050.0	0.020459940	0.00135	12.502453035
1051.0	0.020010664	0.00134	12.529037802
1052.0	0.019561387	0.00132	12.555622570
1053.0	0.019112111	0.00130	12.582207337
1054.0	0.018662835	0.00129	12.608792105
1055.0	0.018213558	0.00128	12.635376873
1056.0	0.017764282	0.00126	12.661961640
1057.0	0.017315006	0.00124	12.688546408
1058.0	0.016865730	0.00123	12.715131175
1059.0	0.016416453	0.00121	12.741715942
1060.0	0.015966393	0.00120	12.768300710
1061.0	0.015525203	0.00000	0.000000000
1062.0	0.015096545	0.00000	0.000000000
1063.0	0.014680078	0.00000	0.000000000
1064.0	0.014275438	0.00000	0.000000000
1065.0	0.013882265	0.00000	0.000000000
1066.0	0.013500200	0.00000	0.000000000
1067.0	0.013128885	0.00000	0.000000000
1068.0	0.012767956	0.00000	0.000000000
1069.0	0.012417059	0.00000	0.000000000
1070.0	0.012075830	0.00000	0.000000000
1071.0	0.011743914	0.00000	0.000000000
1072.0	0.011420949	0.00000	0.000000000
1073.0	0.011106576	0.00000	0.000000000
1074.0	0.010800435	0.00000	0.000000000
1075.0	0.010502167	0.00000	0.000000000
1076.0	0.010211413	0.00000	0.000000000
1077.0	0.009927815	0.00000	0.000000000
1078.0	0.009651012	0.00000	0.000000000
1079.0	0.009380643	0.00000	0.000000000
1080.0	0.009116352	0.00000	0.000000000
1081.0	0.008857812	0.00000	0.000000000
1082.0	0.008604836	0.00000	0.000000000
1083.0	0.008357270	0.00000	0.000000000
1084.0	0.008114962	0.00000	0.000000000
1085.0	0.007877758	0.00000	0.000000000
1086.0	0.007645506	0.00000	0.000000000
1087.0	0.007418053	0.00000	0.000000000
1088.0	0.007195244	0.00000	0.000000000
1089.0	0.006976927	0.00000	0.000000000
1090.0	0.006762951	0.00000	0.000000000
1091.0	0.006553158	0.00000	0.000000000
1092.0	0.006347400	0.00000	0.000000000
1093.0	0.006145521	0.00000	0.000000000
1094.0	0.005947368	0.00000	0.000000000
1095.0	0.005752788	0.00000	0.000000000
1096.0	0.005561630	0.00000	0.000000000
1097.0	0.005373737	0.00000	0.000000000
1098.0	0.005188960	0.00000	0.000000000
1099.0	0.005007142	0.00000	0.000000000
1100.0	0.004828132	0.00000	0.000000000
